2.0
1.0
2.0
1.0
0.0
5.0
0.0
0.0
0.0
0.0
1.0
0.0
0.0
8.0
0.0
1.0
2.0
1.0
1.0
2.0
1.0
0.0
0.0
1.0
1.0
1.0
0.0
1.0
1.0
1.0
2.0
0.0
1.0
0.0
3.0
0.0
2.0
1.0
0.0
0.0
5.0
2.0
1.0
1.0
0.0
2.0
2.0
1.0
1.0
19.0
1.0
1.0
0.0
0.0
3.0
1.0
5.0
1.0
3.0
8.0
1.0
9.0
3.0
1.0
0.0
0.0
0.0
1.0
1.0
2.0
0.0
1.0
0.0
0.0
1.0
0.0
0.0
3.0
0.0
1.0
0.0
0.0
3.0
2.0
2.0
3.0
2.0
2.0
0.0
0.0
7.0
2.0
1.0
0.0
1.0
3.0
0.0
3.0
1.0
2.0
0.0
4.0
3.0
1.0
5.0
15.0
1.0
1.0
0.0
3.0
0.0
3.0
0.0
0.0
1.0
0.0
0.0
0.0
0.0
0.0
2.0
0.0
1.0
0.0
1.0
1.0
0.0
1.0
2.0
3.0
0.0
2.0
1.0
0.0
2.0
1.0
0.0
4.0
0.0
1.0
0.0
0.0
3.0
5.0
1.0
0.0
1.0
1.0
1.0
0.0
4.0
9.0
0.0
2.0
1.0
0.0
0.0
0.0
0.0
3.0
0.0
0.0
0.0
0.0
0.0
3.0
2.0
0.0
0.0
0.0
2.0
1.0
0.0
2.0
2.0
1.0
1.0
1.0
4.0
3.0
0.0
1.0
5.0
1.0
1.0
0.0
0.0
6.0
4.0
4.0
1.0
0.0
0.0
1.0
0.0
18.0
4.0
3.0
0.0
0.0
0.0
1.0
2.0
9.0
0.0
4.0
0.0
0.0
1.0
0.0
1.0
1.0
5.0
1.0
1.0
7.0
0.0
0.0
2.0
2.0
1.0
0.0
1.0
0.0
2.0
0.0
2.0
2.0
0.0
0.0
3.0
6.0
5.0
0.0
0.0
0.0
5.0
4.0
2.0
0.0
0.0
1.0
1.0
1.0
0.0
4.0
2.0
0.0
1.0
1.0
7.0
0.0
0.0
0.0
2.0
5.0
1.0
0.0
1.0
0.0
0.0
1.0
2.0
1.0
6.0
0.0
3.0
0.0
9.0
3.0
2.0
2.0
3.0
0.0
0.0
0.0
0.0
2.0
5.0
0.0
0.0
1.0
2.0
0.0
1.0
7.0
0.0
0.0
0.0
1.0
2.0
0.0
1.0
0.0
0.0
2.0
3.0
0.0
1.0
5.0
1.0
0.0
0.0
4.0
4.0
0.0
0.0
1.0
1.0
0.0
0.0
0.0
0.0
3.0
4.0
0.0
1.0
8.0
3.0
0.0
1.0
7.0
0.0
0.0
0.0
0.0
0.0
1.0
1.0
0.0
2.0
2.0
0.0
7.0
0.0
1.0
0.0
0.0
0.0
0.0
0.0
6.0
3.0
2.0
8.0
0.0
1.0
1.0
1.0
1.0
2.0
0.0
0.0
1.0
4.0
4.0
5.0
0.0
0.0
0.0
0.0
1.0
0.0
0.0
1.0
0.0
0.0
0.0
0.0
4.0
0.0
3.0
0.0
4.0
1.0
3.0
5.0
0.0
5.0
0.0
2.0
2.0
1.0
5.0
1.0
0.0
1.0
1.0
0.0
1.0
0.0
5.0
0.0
1.0
2.0
1.0
4.0
0.0
1.0
1.0
0.0
1.0
7.0
1.0
0.0
0.0
0.0
1.0
0.0
1.0
0.0
0.0
0.0
1.0
1.0
1.0
2.0
1.0
1.0
0.0
5.0
2.0
0.0
2.0
1.0
0.0
1.0
2.0
3.0
0.0
0.0
0.0
24.0
0.0
0.0
1.0
0.0
3.0
3.0
0.0
1.0
0.0
0.0
4.0
2.0
0.0
3.0
0.0
3.0
1.0
1.0
0.0
1.0
0.0
0.0
1.0
0.0
3.0
1.0
2.0
11.0
0.0
1.0
1.0
3.0
5.0
0.0
0.0
0.0
0.0
0.0
0.0
0.0
0.0
0.0
1.0
0.0
3.0
1.0
0.0
0.0
5.0
5.0
0.0
2.0
1.0
0.0
4.0
3.0
0.0
1.0
2.0
4.0
5.0
1.0
3.0
3.0
4.0
5.0
0.0
2.0
5.0
1.0
2.0
2.0
0.0
0.0
0.0
1.0
0.0
2.0
2.0
0.0
5.0
0.0
0.0
0.0
0.0
0.0
4.0
0.0
1.0
6.0
0.0
1.0
0.0
1.0
0.0
0.0
5.0
0.0
1.0
1.0
1.0
0.0
1.0
0.0
0.0
4.0
5.0
0.0
2.0
1.0
4.0
0.0
1.0
0.0
0.0
0.0
0.0
0.0
4.0
0.0
0.0
2.0
0.0
0.0
0.0
1.0
1.0
2.0
1.0
1.0
0.0
1.0
0.0
6.0
1.0
2.0
0.0
3.0
0.0
15.0
2.0
0.0
2.0
0.0
0.0
0.0
0.0
1.0
2.0
2.0
0.0
0.0
1.0
1.0
2.0
0.0
1.0
0.0
7.0
1.0
1.0
0.0
4.0
1.0
1.0
0.0
1.0
20.0
