5.0
4.0
0.0
3.0
0.0
0.0
0.0
0.0
1.0
1.0
0.0
2.0
1.0
0.0
0.0
2.0
42.0
0.0
1.0
0.0
3.0
0.0
4.0
6.0
0.0
2.0
10.0
0.0
0.0
0.0
2.0
5.0
0.0
0.0
0.0
0.0
0.0
1.0
2.0
0.0
0.0
2.0
2.0
2.0
0.0
1.0
0.0
0.0
0.0
0.0
1.0
3.0
0.0
1.0
4.0
0.0
2.0
2.0
0.0
0.0
1.0
0.0
0.0
0.0
0.0
0.0
1.0
3.0
6.0
4.0
3.0
0.0
3.0
6.0
3.0
0.0
1.0
40.0
0.0
0.0
1.0
1.0
1.0
1.0
1.0
1.0
0.0
3.0
1.0
32.0
2.0
2.0
2.0
0.0
1.0
2.0
7.0
0.0
0.0
0.0
2.0
2.0
0.0
0.0
1.0
3.0
0.0
0.0
53.0
1.0
1.0
0.0
1.0
1.0
0.0
3.0
4.0
0.0
0.0
0.0
1.0
0.0
0.0
0.0
1.0
0.0
2.0
7.0
7.0
0.0
0.0
0.0
2.0
2.0
5.0
1.0
0.0
13.0
0.0
0.0
0.0
0.0
0.0
2.0
1.0
5.0
0.0
0.0
0.0
0.0
0.0
0.0
2.0
1.0
2.0
0.0
4.0
1.0
3.0
5.0
2.0
0.0
2.0
0.0
1.0
1.0
0.0
0.0
4.0
0.0
0.0
5.0
0.0
4.0
0.0
1.0
2.0
3.0
1.0
0.0
0.0
3.0
1.0
4.0
0.0
6.0
0.0
0.0
2.0
0.0
0.0
0.0
0.0
1.0
4.0
3.0
7.0
0.0
0.0
23.0
3.0
2.0
0.0
3.0
0.0
0.0
0.0
0.0
0.0
1.0
0.0
0.0
39.0
0.0
0.0
1.0
10.0
1.0
0.0
2.0
0.0
3.0
0.0
2.0
0.0
1.0
0.0
0.0
0.0
0.0
1.0
0.0
7.0
1.0
1.0
7.0
0.0
0.0
0.0
0.0
0.0
1.0
6.0
1.0
49.0
2.0
0.0
3.0
7.0
0.0
0.0
0.0
4.0
6.0
0.0
1.0
0.0
6.0
1.0
0.0
0.0
0.0
0.0
2.0
0.0
0.0
4.0
7.0
0.0
0.0
6.0
12.0
0.0
20.0
0.0
1.0
1.0
1.0
0.0
1.0
1.0
0.0
1.0
4.0
4.0
3.0
1.0
0.0
1.0
0.0
1.0
0.0
6.0
0.0
3.0
1.0
0.0
2.0
0.0
2.0
1.0
2.0
1.0
1.0
0.0
1.0
0.0
0.0
0.0
0.0
0.0
7.0
2.0
0.0
0.0
0.0
4.0
1.0
3.0
0.0
1.0
0.0
0.0
0.0
1.0
2.0
0.0
1.0
0.0
1.0
2.0
0.0
3.0
0.0
0.0
1.0
1.0
4.0
0.0
0.0
3.0
3.0
2.0
0.0
0.0
1.0
0.0
0.0
0.0
1.0
3.0
3.0
2.0
1.0
2.0
1.0
1.0
1.0
0.0
4.0
0.0
1.0
2.0
4.0
0.0
0.0
1.0
1.0
1.0
1.0
0.0
0.0
0.0
1.0
0.0
1.0
1.0
1.0
0.0
1.0
0.0
3.0
1.0
0.0
0.0
0.0
1.0
3.0
0.0
1.0
0.0
2.0
2.0
5.0
3.0
1.0
2.0
1.0
10.0
3.0
1.0
2.0
1.0
0.0
11.0
1.0
2.0
0.0
0.0
0.0
0.0
0.0
0.0
0.0
0.0
0.0
2.0
1.0
0.0
2.0
2.0
2.0
1.0
1.0
0.0
4.0
0.0
0.0
4.0
3.0
1.0
2.0
1.0
0.0
2.0
4.0
5.0
2.0
0.0
1.0
6.0
3.0
1.0
1.0
7.0
5.0
1.0
0.0
2.0
0.0
0.0
1.0
0.0
2.0
1.0
0.0
2.0
1.0
2.0
0.0
1.0
3.0
0.0
0.0
4.0
2.0
2.0
2.0
1.0
0.0
3.0
9.0
0.0
1.0
1.0
1.0
1.0
12.0
2.0
2.0
1.0
0.0
0.0
0.0
1.0
1.0
3.0
3.0
2.0
2.0
6.0
3.0
0.0
2.0
5.0
1.0
15.0
0.0
1.0
1.0
2.0
0.0
0.0
3.0
0.0
0.0
2.0
3.0
3.0
0.0
16.0
0.0
0.0
6.0
0.0
2.0
5.0
7.0
0.0
1.0
1.0
5.0
1.0
3.0
0.0
0.0
1.0
1.0
2.0
1.0
0.0
0.0
0.0
4.0
1.0
0.0
4.0
1.0
5.0
2.0
1.0
0.0
6.0
1.0
0.0
0.0
0.0
1.0
1.0
0.0
1.0
2.0
4.0
0.0
2.0
0.0
2.0
0.0
1.0
0.0
4.0
1.0
5.0
1.0
1.0
0.0
1.0
5.0
0.0
1.0
2.0
0.0
1.0
0.0
0.0
0.0
1.0
1.0
6.0
1.0
0.0
2.0
3.0
1.0
0.0
6.0
1.0
1.0
0.0
4.0
0.0
8.0
2.0
3.0
1.0
1.0
1.0
1.0
1.0
2.0
4.0
5.0
0.0
1.0
6.0
1.0
0.0
2.0
3.0
1.0
0.0
3.0
6.0
0.0
3.0
3.0
0.0
0.0
1.0
2.0
3.0
1.0
0.0
0.0
0.0
1.0
4.0
0.0
7.0
0.0
0.0
1.0
3.0
4.0
0.0
33.0
2.0
4.0
0.0
2.0
2.0
0.0
1.0
0.0
0.0
0.0
1.0
0.0
4.0
0.0
0.0
3.0
0.0
1.0
4.0
2.0
1.0
2.0
3.0
0.0
1.0
2.0
0.0
9.0
0.0
2.0
0.0
1.0
0.0
1.0
0.0
1.0
1.0
2.0
4.0
155.0
0.0
6.0
0.0
2.0
2.0
3.0
0.0
0.0
1.0
1.0
0.0
0.0
0.0
0.0
1.0
2.0
1.0
2.0
3.0
1.0
0.0
0.0
4.0
1.0
1.0
2.0
0.0
0.0
1.0
0.0
5.0
0.0
0.0
0.0
0.0
25.0
1.0
2.0
2.0
0.0
4.0
5.0
0.0
1.0
1.0
2.0
3.0
0.0
0.0
1.0
1.0
0.0
2.0
1.0
0.0
1.0
2.0
1.0
4.0
0.0
0.0
0.0
1.0
1.0
0.0
2.0
1.0
0.0
0.0
0.0
5.0
2.0
1.0
2.0
1.0
0.0
1.0
2.0
2.0
3.0
1.0
3.0
2.0
0.0
0.0
0.0
3.0
0.0
1.0
1.0
167.0
0.0
15.0
1.0
1.0
2.0
1.0
0.0
2.0
1.0
4.0
0.0
1.0
1.0
0.0
1.0
3.0
0.0
0.0
0.0
5.0
1.0
35.0
0.0
0.0
0.0
15.0
10.0
1.0
0.0
0.0
0.0
3.0
7.0
1.0
2.0
2.0
1.0
0.0
15.0
0.0
4.0
2.0
1.0
0.0
4.0
2.0
1.0
0.0
6.0
0.0
0.0
0.0
0.0
0.0
0.0
0.0
0.0
2.0
0.0
1.0
5.0
0.0
0.0
2.0
4.0
2.0
3.0
1.0
1.0
1.0
2.0
0.0
4.0
0.0
1.0
3.0
1.0
3.0
2.0
0.0
1.0
2.0
0.0
2.0
0.0
0.0
2.0
1.0
0.0
2.0
1.0
0.0
1.0
5.0
1.0
2.0
0.0
2.0
2.0
3.0
0.0
2.0
3.0
2.0
4.0
1.0
0.0
1.0
1.0
0.0
0.0
1.0
1.0
2.0
0.0
4.0
6.0
2.0
1.0
0.0
1.0
0.0
1.0
1.0
7.0
1.0
2.0
0.0
1.0
3.0
0.0
0.0
5.0
0.0
2.0
1.0
2.0
7.0
0.0
0.0
13.0
2.0
1.0
1.0
2.0
1.0
1.0
1.0
1.0
2.0
1.0
0.0
1.0
0.0
0.0
2.0
3.0
1.0
2.0
0.0
4.0
0.0
0.0
1.0
2.0
3.0
0.0
0.0
0.0
0.0
0.0
1.0
2.0
1.0
0.0
0.0
0.0
10.0
0.0
0.0
0.0
0.0
1.0
4.0
0.0
1.0
1.0
0.0
0.0
0.0
5.0
