1.0
1.0
1.0
1.0
1.0
2.0
0.0
0.0
0.0
1.0
0.0
2.0
3.0
0.0
0.0
0.0
0.0
0.0
0.0
1.0
0.0
1.0
1.0
0.0
1.0
4.0
1.0
2.0
1.0
0.0
0.0
2.0
1.0
0.0
4.0
2.0
3.0
0.0
3.0
2.0
2.0
9.0
0.0
0.0
0.0
3.0
1.0
1.0
0.0
1.0
2.0
0.0
1.0
0.0
0.0
2.0
0.0
1.0
0.0
0.0
4.0
2.0
2.0
2.0
0.0
0.0
7.0
0.0
1.0
0.0
1.0
0.0
1.0
2.0
2.0
0.0
0.0
0.0
1.0
1.0
0.0
2.0
1.0
1.0
0.0
4.0
2.0
2.0
0.0
2.0
0.0
54.0
3.0
0.0
1.0
0.0
0.0
2.0
3.0
0.0
0.0
1.0
0.0
1.0
1.0
1.0
0.0
0.0
1.0
1.0
0.0
3.0
2.0
1.0
2.0
2.0
1.0
0.0
0.0
2.0
0.0
0.0
0.0
3.0
1.0
1.0
0.0
1.0
2.0
9.0
2.0
0.0
1.0
0.0
0.0
1.0
3.0
1.0
0.0
1.0
2.0
1.0
2.0
2.0
0.0
0.0
0.0
0.0
2.0
1.0
0.0
1.0
1.0
0.0
0.0
0.0
4.0
2.0
0.0
1.0
0.0
2.0
1.0
1.0
1.0
0.0
0.0
0.0
0.0
1.0
0.0
0.0
0.0
0.0
1.0
1.0
3.0
3.0
1.0
4.0
0.0
6.0
1.0
0.0
0.0
0.0
1.0
0.0
2.0
1.0
1.0
0.0
1.0
2.0
0.0
1.0
2.0
0.0
1.0
1.0
0.0
1.0
2.0
1.0
0.0
2.0
3.0
1.0
1.0
0.0
1.0
2.0
0.0
3.0
1.0
0.0
1.0
1.0
2.0
1.0
0.0
0.0
3.0
1.0
2.0
2.0
0.0
0.0
0.0
1.0
0.0
0.0
2.0
2.0
1.0
1.0
1.0
0.0
0.0
1.0
0.0
0.0
0.0
0.0
0.0
2.0
1.0
4.0
0.0
2.0
0.0
2.0
2.0
1.0
2.0
0.0
1.0
0.0
1.0
1.0
1.0
1.0
2.0
1.0
0.0
1.0
0.0
1.0
3.0
4.0
0.0
1.0
1.0
0.0
0.0
0.0
1.0
0.0
1.0
3.0
0.0
1.0
1.0
0.0
0.0
1.0
1.0
1.0
0.0
3.0
2.0
1.0
2.0
0.0
1.0
1.0
1.0
1.0
1.0
0.0
1.0
0.0
90.0
3.0
2.0
0.0
0.0
2.0
1.0
2.0
3.0
0.0
1.0
0.0
2.0
0.0
2.0
0.0
1.0
0.0
2.0
0.0
0.0
0.0
3.0
0.0
1.0
1.0
0.0
1.0
1.0
0.0
1.0
0.0
0.0
0.0
1.0
0.0
4.0
1.0
2.0
0.0
0.0
1.0
1.0
0.0
0.0
0.0
2.0
0.0
4.0
3.0
1.0
0.0
0.0
3.0
0.0
0.0
0.0
3.0
107.0
0.0
3.0
6.0
1.0
0.0
0.0
1.0
2.0
3.0
0.0
2.0
2.0
0.0
1.0
0.0
3.0
0.0
2.0
0.0
1.0
0.0
1.0
2.0
0.0
1.0
0.0
2.0
1.0
1.0
4.0
2.0
2.0
4.0
3.0
0.0
1.0
1.0
0.0
0.0
2.0
1.0
1.0
0.0
1.0
46.0
0.0
1.0
1.0
2.0
1.0
0.0
2.0
1.0
4.0
1.0
0.0
0.0
1.0
0.0
1.0
0.0
1.0
1.0
3.0
1.0
0.0
1.0
0.0
1.0
0.0
0.0
1.0
3.0
0.0
0.0
0.0
3.0
0.0
0.0
2.0
0.0
0.0
1.0
0.0
1.0
0.0
0.0
2.0
2.0
0.0
0.0
1.0
3.0
2.0
0.0
1.0
0.0
2.0
0.0
2.0
3.0
0.0
2.0
0.0
1.0
3.0
3.0
1.0
2.0
1.0
4.0
0.0
0.0
3.0
3.0
2.0
1.0
0.0
0.0
0.0
1.0
6.0
0.0
2.0
0.0
1.0
0.0
1.0
0.0
23.0
2.0
2.0
0.0
0.0
3.0
2.0
1.0
0.0
1.0
1.0
85.0
1.0
2.0
1.0
1.0
0.0
1.0
1.0
1.0
0.0
0.0
1.0
2.0
2.0
0.0
1.0
1.0
0.0
0.0
0.0
1.0
1.0
0.0
1.0
2.0
1.0
2.0
2.0
3.0
0.0
1.0
0.0
0.0
1.0
1.0
1.0
1.0
0.0
0.0
1.0
1.0
0.0
1.0
1.0
6.0
1.0
3.0
0.0
3.0
1.0
0.0
0.0
4.0
1.0
3.0
0.0
27.0
2.0
0.0
0.0
2.0
2.0
1.0
1.0
1.0
1.0
0.0
4.0
2.0
0.0
3.0
0.0
2.0
2.0
1.0
2.0
3.0
1.0
3.0
0.0
2.0
1.0
2.0
1.0
0.0
0.0
0.0
1.0
0.0
0.0
1.0
3.0
2.0
0.0
0.0
5.0
0.0
2.0
4.0
0.0
1.0
0.0
0.0
0.0
1.0
2.0
0.0
0.0
0.0
