0.30303030303030304
0.15789473684210525
0.3
0.11235955056179775
0.391304347826087
0.18518518518518517
0.16666666666666666
0.17647058823529413
0.3125
0.23529411764705882
0.2222222222222222
0.10465116279069768
0.45
0.26666666666666666
0.2631578947368421
0.2564102564102564
0.1875
0.21951219512195122
0.43478260869565216
0.45
0.6666666666666666
0.47619047619047616
0.2571428571428571
0.1568627450980392
0.38095238095238093
0.23809523809523808
0.14084507042253522
0.43478260869565216
0.20454545454545456
0.4
