-0.5847135533716958
-1.9075566703096776
1.0033799228407048
1.0014531570291818
0.24221056946606867
-0.6756111100139988
-2.5436019512324606
0.5842429965134027
3.346866740364253
3.2808681245710343
0.4942551301344018
-0.7535047797524369
-0.300192622843963
0.9790558061827169
1.8233727065267245
2.241164470123121
3.7804415016773296
-0.7741613832252923
-0.4341049806416602
-2.327861640787978
1.8809076627385526
0.35989495971790914
0.03530665584772265
0.9383049901214849
-2.1535573217543056
1.578911711763119
-2.647531177262956
7.148410584678413
-3.4870321439125624
0.021158768411846954
4.793326291971777
-1.7194392577458042
2.6101393048416712
-0.8725782130362909
-0.6870948945445365
-1.1072701830246827
-6.0038223731639775
0.48397804137085765
4.123227363464861
-2.0772750728689315
0.009887842319921486
-3.189628645343554
-1.039520017335569
-0.3710355482786455
-2.793594614385185
-1.9373525924628574
0.0016315976451799913
-0.5332467326355713
2.0015380566694554
1.8291939693557402
1.6797966238817155
-0.48896208107416494
1.5384516963703434
-3.5173960343465387
-0.7403139317169313
-4.004628081105106
1.0921871484408516
0.33890102690167445
-1.7992815373099011
-1.2406368289748768
2.2391369657865616
-0.8982470429724994
0.9985295452411116
0.04398543385957493
3.7224052100346094
-0.10733091517011292
0.8115776766001072
2.5256891301164175
1.932381995631027
-1.1636056526615193
-2.2786799724624953
6.393787102524242
2.697100050012569
4.12569249861564
-0.02973332552858892
2.326270895113944
0.1407305908797246
2.9733608646683467
0.35585753247493446
4.296714482047876
-2.4218499042797346
2.4606124899835438
-0.11403988594053541
-2.1762845591285624
-1.1739635705328992
-0.4537175737008782
-0.6776164404788215
1.3857210707464644
0.9622614831899013
-1.0032289927860492
-0.5214092887118367
-3.289694303905698
-1.2045822007493574
0.36758328579078003
-1.6698602835681455
-2.3537064548480346
-2.542368956488369
1.7539087732070604
-0.00889573373572218
2.248253277531425
-1.8995122265197402
-1.9524251116813476
-2.7860964807803343
4.317062097493104
0.12065811143506816
4.153558002394123
0.4754457989804126
2.8361053472930657
-0.3814076536686934
2.4544927888457786
0.17576584763700642
-1.922452659348068
2.9306617593420383
-4.324737664029863
-1.1972635164422716
-3.1136710237568264
-0.566415722947797
0.7592301289028031
-4.363023602449971
2.529298911064238
-1.9854623933285271
2.6582087151328597
-0.9884885138954042
-0.5760906826781872
-1.3869421699233073
-0.11983756502028228
1.8802410096977
1.9625904343036151
3.0995668489603005
-1.0247402112896529
-3.062824168019045
-4.78120883963854
2.978215590823281
-0.7335569069591542
1.1178917757783287
2.180995049290536
0.6332749381267859
-0.8854909750494453
-0.2799050660166082
-3.891603162171987
-1.4562878655605267
3.723662183990681
-0.6843701974981989
-2.3831079232953614
4.072116036190349
-1.8891827855914818
-0.6943684049784353
0.5317822226805958
-2.5559143921384946
-1.5363221565160206
0.5862533022434466
-0.9706534078595412
-3.5592673929248737
2.9823845704084677
-0.06632944243415166
-3.7260770129291227
0.7843964926488673
2.0734733698867704
-1.5436327808580323
-5.295661747294782
0.11567528239745463
-4.855398702285217
-2.4808942908046774
-2.860519993657866
1.6540139147812216
-3.0835607326996706
-1.7994953135651304
-1.9636392750278013
1.0085620740140577
0.1998874132510212
3.542897738614836
0.5587965834598957
0.7248758369835355
-1.700049584445224
-1.2609184221612315
-0.20070740386212477
-0.7906101933453067
0.12363151422141162
2.102063506010068
-2.4989499538039395
1.079372470014471
-3.959887002002425
-1.8407647583456852
1.0433206151511962
3.117537717811822
0.34268904949011786
3.7786636432399607
3.94326552099019
0.8369860457675345
2.1049383760413702
0.36563116549056957
2.0725925725253096
4.807557798370452
-0.07680050408683053
-0.018121502492149263
-1.0778441747369853
-0.665338746888024
-2.8059154412939
6.103285831240582
-1.6213299322724943
1.702998304156246
-2.8217302790066996
-0.13342406244985142
1.9200884397439322
-1.3989534707502744
-0.2710533416427129
2.830223544375477
5.421128274811958
1.2456110732345238
-3.8684009724489195
0.29953896772374644
3.080159475164984
2.2360787528062995
-2.8092352428207246
2.4765005262425537
0.10284578271754702
0.8776121917446288
-2.430288839858015
-3.987282374707423
-1.5957284041127027
-0.8045007276426366
-0.7182705662172151
3.560704684503029
-1.2818771834777074
-7.61711313960142
0.06348682951883206
-1.6344163457177192
1.8938462247825834
-1.6792289385232646
0.9551341668331563
1.1598999114675177
-1.4737982357081505
0.778298997248437
0.7658162715317879
3.706550579659461
-0.41627125788677594
2.632416553244934
-0.013215383371693964
0.940602966181663
-1.6204244793763154
1.3432644243631466
-0.5290520183632189
-5.532330873240023
-2.66135799395322
2.9840750191552536
0.17525429686996385
-1.2699187225667503
0.8774133944035031
0.6942383925707365
0.8055135523265875
0.9784738218512921
2.4422865685183988
0.672722220671612
2.3361648903961068
-2.0756591752438003
-3.6694861944161903
5.198703833406971
0.37979443237346205
2.305106059694097
-1.793795563786393
-3.069028614052786
3.694612506757879
0.8816089805499258
0.6208015811951058
0.2864262865363488
0.2665912445142855
-1.1831058214312122
3.4217548948002525
5.541610723088742
0.2783747014362975
-5.189103526562862
1.2224741320731842
-2.365634986143051
-1.5656749089761406
-0.33259964842967477
-0.5707516228546146
-2.059739301074093
-3.7614622785050207
0.035996424458993176
-3.1088281932126844
-2.692974145607568
-1.226335984157579
3.381162831955043
-0.4021081150879853
2.895039641040868
3.430790386300152
-3.9945488332271935
-1.9094636455743996
1.6075412290933355
-2.533291181615621
4.832987305766398
-1.7505198036448955
1.4769700641164765
-0.36087866616419306
2.3391796018366646
-2.5649647047667083
1.3077881598236958
-0.03784765757241759
-0.6128338107383766
1.929511523054527
1.1132996652840843
1.3456664997963788
3.220637072850812
0.32135489461523836
-3.8993393843852533
2.0918692095134297
-0.1965728581723955
-4.3317851008684505
1.8371588440134416
0.6944047246782752
-0.1634925232310459
-0.4076703870024189
-0.27583647403841066
0.23831990626468036
0.0954603589686287
3.8857028605477066
-0.7664258613290033
0.5037475423918373
-3.3485659953622
3.7266801679713852
0.5916125867302856
0.6040462570546028
1.32636374449018
5.248045607756885
2.6014580184836644
-0.17401158444022927
5.161848112571065
0.8052444653161238
2.450735888907977
2.461202947121511
1.0149377849766072
-5.698735890119576
6.74443567308752
1.954115488321987
-2.5087075843490614
2.2247703454370438
1.0809834910635958
-0.2232103075749506
-1.268236249353732
3.3528719587918205
2.3565709197201845
2.8187889370940495
0.07263253448180051
-2.0170083147759934
2.7729822050174495
4.5919820273870995
-1.0489437423343322
-0.19342619413039636
3.35777168670608
2.2491095951108133
0.03845694052678181
1.0420141887280574
-1.1009288402664896
1.385048686670581
-0.4027305522424406
-1.9678606436865704
-1.316149761389342
1.4016343606731094
-0.32266961262759697
1.2580722546205798
1.3588476771978735
-1.1216558694907055
1.8543187753595083
-2.7702529358949324
-3.8952975026958385
1.5369991204521365
0.9915550147676128
3.762343721333355
-1.4313131455128383
-5.14958381007206
2.4359084387141836
-2.013964519993893
1.4520180806937746
-3.2838203749914086
-2.405708508164987
-1.4919481286618455
-1.7760209314938549
0.36497884542365994
-0.7675019375234725
6.067411491596181
3.778692918648281
0.13899749769090558
-1.1977170759230225
0.6419685154750456
3.451051482240327
-2.9765306550189337
0.06050640662932502
0.4492911113093288
3.9997070273145767
-0.1444430580621389
0.4932321968053863
-6.239730998166196
-2.3387265119724785
2.8699788919332665
-4.084519727315832
1.951877735888598
0.2929578699595699
-3.362387181101324
0.974298271291522
-5.683209266799055
1.4240063949145985
-5.803558427125325
-1.567517452310098
-2.166999680570858
2.6264777218623596
0.6283166346533451
-3.3286671000507377
-0.6385884486547116
3.528739240044121
-2.276227833500764
-3.004123176243355
-2.3667006697292763
-2.393364764733583
1.250335950654431
-2.3513095875843555
3.9642235687596403
2.04337608011827
-3.9363857973186884
-0.4939991033781855
-1.738693362287229
0.4714783864283647
0.5605184116499986
2.564139999594522
1.2717328334193707
0.17691194540340283
-0.6844497572680137
-4.64964179257057
-1.528757882999873
5.21997186157173
4.776694123361082
-0.05356430504936292
-0.52357479761915
-2.3471407808564675
-5.773720134572466
0.47564138292639824
0.4674751391140944
-1.0130227575910435
-1.4024422567992552
-6.643859948492026
-0.9075330994320169
1.2633744868028856
-2.710010966571173
-4.145471464204671
0.47154703925438585
0.40927186129522536
1.1128758727851966
0.13406052853677947
1.0137158343629014
1.2105121954878728
-4.92804682159679
1.702018948827046
-2.8252017785566212
-3.495818379801609
-1.4018335654209504
2.864948712311727
2.6209921154229776
-2.569579488480674
1.2818147147074794
0.2314489988125673
3.4549681454794627
1.8759204995351049
-0.7433703390597937
-0.14412123895645523
0.001023043675125207
0.39613737926392
-4.606083787021861
1.3133963322894715
2.323891905367619
3.2760152057288785
-0.696273096527482
-0.2850524969243839
-0.14506233047472167
-3.7009311500117508
2.976915335052109
4.420197095678486
0.9521228544614274
-2.8076362697064408
1.0568990282088222
-2.4833714645233522
4.659925313290684
0.42374694255728235
1.5340898852966856
0.8692814976839492
-0.24720264912570306
-1.350946572916291
0.8708314814943865
-3.6055240339324066
2.7784944959619726
-0.9169796016323825
-1.644961407170767
4.41427745830029
-1.2291393728629134
-4.809212889989154
2.736198439277349
2.9679306765263456
-5.61999957522166
2.54688815205867
1.6200482839733978
-0.5193456253879202
-0.26047670287354124
-3.3211792698694014
1.6682646416039806
-1.1567028876449648
-1.3642757607303215
-1.6623688361322604
5.1167551669061675
1.2340372609573746
-0.24617802243963877
-1.2780820162705862
-5.200387338934841
0.6863038242156658
1.5594485354416319
2.8921701092472736
1.8214814326543718
-2.075579808071336
-2.4123308499099556
0.33290580978774154
2.1563091731711643
-1.150754397712445
-0.4894797277491483
-0.49616826988561286
1.3890931305195302
0.65285700932756
-1.460635746960334
-0.3192865916008857
-1.3305018001972129
2.1782737145507336
-1.8813354877594326
0.9007729851782506
1.1045569068241539
-2.467594163052213
1.5208940075333397
4.56840553616468
0.5563384855431074
2.4771420147471943
-2.4004358003587574
1.072449219438247
4.100623433103735
5.40339172181486
-1.4239985016894479
-1.010565186385555
-3.5340972735874523
0.33891525278357576
-7.139940853738659
-1.381837710256587
2.3643027807641372
-3.6118819351733165
0.6640277734946788
1.1353409507870351
-4.167612755147089
-2.5154968165135996
-0.9775728610427799
-4.918293137252574
-2.0993492252474835
1.502457344913065
1.9091345900875858
0.5646818388292216
-2.6880524583302963
-1.7388078891258758
-1.4446107763047642
-0.7151970798710136
-1.3987052320961821
-1.2440053598558791
-7.483378433384317
-1.4880846120812135
1.4730538417935224
2.025187007050747
-2.5966768241857983
-0.24726084936373627
-6.577439601211107
-1.6373503222284722
1.6870445590915648
-1.4995710051892095
-0.5500064667157697
-0.17994869572868435
-2.617343478457127
3.289093017099567
-2.333882319419391
2.424244254086329
-0.3366421201171245
1.9240610861367875
3.6016931509197674
0.24909733537638
0.5783861169671285
-0.6713222499516718
-1.85142742235716
0.6974015298830624
0.540241438361087
-0.29042015440572894
0.7991919238089746
-4.104453607235977
-3.3563725352688882
4.457690055776182
-1.042771351801384
-1.2216055086493705
-1.0680933406331417
2.1513601088261125
-4.343297638724679
-0.8034133950282191
6.4960683271301765
0.06592308184153847
-0.9609580336420599
0.7997765516021654
-0.10940076839633986
3.466689773929897
-0.11398628734424635
1.2419230118754498
-0.7284808620168618
-0.3811770787659751
3.5520231007818013
1.8338828581994946
-0.28367433522016056
-0.9730742266610007
-0.11001823740185837
0.2986830840877821
3.460197259536872
-1.3792243822734038
-1.4408679990699877
-0.9139022895410812
-1.9271191417309206
0.17857375403042408
-2.7220937994255268
3.140521562666471
1.0848529275412768
-0.04928668318250291
0.48485922781548896
-0.9451628127155821
-1.388499153960931
-1.7629695231274785
-0.19924231449095647
-4.465093119760769
0.6653354756531321
-0.2708873926061663
2.104734118194088
-1.877563906331886
-1.8176616433781414
0.2706737699393161
1.0729210937177043
-0.9077698949320008
3.2689961350650667
3.7440747683491336
0.44522163377403384
-1.2987053353074163
0.15881945381448948
-2.7143911162408187
0.41144222245242557
-1.4607389917338196
-0.11166445940914697
-1.0267281557543588
1.1100327294321075
-2.76340430090925
-1.4802071887718486
-2.332950718454269
1.6903770765124853
-0.8368819151233514
-3.757108168724843
-1.460366452487582
2.4610445425037617
2.5899841776568566
1.455146888056436
1.068676403994674
-3.9686664378644196
2.433787983497889
-3.271234230671914
-4.066931452667792
3.632341428083141
-2.5553606875999235
1.4946147930365048
0.5740823423147862
-2.0681436322938027
2.4125016976461326
-2.355931896319019
-3.935837101540257
-0.20768460906495856
0.28602276256409637
-3.238771863769036
-0.46594603873308027
1.913656054627721
0.583571613237035
-2.3842468592371158
-4.847986993631843
0.09125755707318671
-0.12701749967976772
1.312813679146514
0.8220497143628545
-0.8189459395047283
-0.39416646910170144
-6.6148237698113626
-0.5633646030109926
-3.651490373538155
3.217371730201302
4.249705056326863
-0.8893092985685896
-3.8900809395996765
-1.711015968166364
-1.1831126799978822
-0.15899857130897302
5.125087004672752
-3.9258667890506773
0.7008565830628155
7.087701472317127
0.7870210297904139
-0.28577462435021295
1.8744058580905105
1.0275833199790312
4.051400589521887
0.09738599863235609
-0.5279823022914224
0.4459071922146046
1.078782720536161
2.757766916604722
-3.9012240031493786
-1.4171558648743614
-1.8679013751643947
-3.517902310089546
0.7811301484039509
2.5846415465729624
1.2799887715522493
-1.7225003953138818
-0.511762205629298
0.874342916673346
-0.6268035764163734
-2.0417041519896566
-3.8647092657702586
3.261768907022373
-5.643815199878421
1.9535609207043836
2.0355450374691886
-0.3781759599740383
-0.15565423121607025
-4.36260727243656
-0.5731397106484617
0.37878755446597023
-0.5409450013111006
-2.489013667827463
-3.109064979400972
-0.20238260659859464
3.626327121389662
-0.012752562230810904
0.17229843291468386
-1.044773129769678
1.5209239367693916
0.8972252814886444
-2.814877077182374
1.6882216617332755
-0.3027887166986563
0.9778647530952649
-4.53030680789454
-2.488475015583545
-1.0671236568608409
-4.874654020976007
-2.6610517506596345
1.3813916483739457
5.686535314451673
4.285335176614757
0.05897954447918999
2.1838532281678664
1.947146781098715
1.1538128501809517
-3.1633149323594836
0.9522183863785407
-3.4464606555310353
0.13424713247569153
-1.841132872844099
-0.7764518799813637
-0.9017033673081841
0.5798984318129276
1.232659001053041
0.17859905520491598
-2.1424251778370866
-4.533504171677937
-2.511861902692303
-0.2633462064896095
0.9369722245198221
2.954940330101001
-2.101150966941369
0.8190260948650011
1.5057760017848156
-2.2328630839514405
-1.4299105631564855
3.339701017272213
1.9754281270745444
-1.8148166751520913
3.1928866749895852
-0.49669014351170415
1.29574778930436
4.4222797587606015
3.5388336119744306
-7.164685296492889
-3.744285257497979
1.0160698394472742
1.8579885393170952
3.3018667367821948
-2.749687495913481
2.4188264810157403
-1.436863954498429
1.1804132220961077
1.8137446263903536
-0.6230150673173066
-3.718806021404118
6.613015160948439
6.621682427594214
-3.528930445289531
-2.373935767372344
-0.17378709087453958
-0.5842539713981916
-1.719318185098817
-3.0831344950797637
-2.2625927980328924
4.16173003397651
-2.012473762734164
1.5021009140938342
1.879913882994981
0.5368472513017255
1.6935716250670312
-5.088532843268865
0.4977704359256498
1.2282866881631902
-2.9161616704654834
1.9667105678736634
3.4319364847823985
-0.8723475204105128
-1.7083172031020024
2.1359077627536753
-0.9682415591730165
1.9164269085870422
1.053003106321275
-1.5110972704207843
-1.807012382208669
0.3773761884765683
-2.811771389812783
0.3448754741858877
-1.6263002604517245
0.9222829552108386
-2.663490613140069
3.188659909002658
0.7431086429111378
-1.3704053593296066
0.7146790130367885
-4.04128866818265
0.132417575981785
3.309956331212703
2.210813411529639
3.0825237219318784
1.5189753672558781
2.4478992899157994
-2.5008275863850784
-1.7295882288082494
-1.0032165506706912
3.184272486461435
2.010570164741023
1.5652140890139135
0.08275191580062163
0.06700634771005792
-1.1802277613084964
0.021065118671870664
0.5936490212061909
-2.8980071641763936
-0.8660993942760975
-0.08960441417061768
2.2223257842853292
-0.04076011427094755
-0.7765828843416365
4.938158136223786
3.2118603522277285
2.295678139566923
-3.255266944132875
3.1527574962993157
0.2622311157429741
1.3752062516058272
2.0619992405177068
-1.1061473586563937
1.2627682663741842
0.8575382618929938
1.4805940602822978
2.7570417570904735
0.025850655961006774
-3.2029584530712234
-3.681100355708502
2.325369090581229
3.202514207994669
-1.685797855225705
1.3685405166024336
0.6322550584115654
4.042778289662875
-0.9841127064633797
0.9058575347240033
-1.2079756941349302
1.5433730400350691
4.048629785700671
1.126930670582095
3.2372130038686127
-2.5028669974343423
3.784316114553478
4.140929386261215
0.8682876405336767
-3.237009011115749
-3.1234370922257146
1.6462557377687337
-2.9612113635049337
4.459636004758835
0.5079439402740938
2.747792962891501
0.888601846678896
-5.152465776553241
1.2148485548194026
-0.5659967183577421
2.9002385817168195
1.4153377592246161
-0.7294386083841639
1.8388629082539976
1.5231316972126017
-0.5630336187766204
-1.9934175996987995
-0.9132479851770252
2.374998971403093
0.22987418929722173
-3.9073662203754713
1.594758364304811
2.2775118675739097
0.6337152056335376
3.80645204399441
-4.082571395747198
-1.2414961828909372
2.411036329165059
-0.2996035854763645
2.0063097999127173
0.9999703861736814
2.640698845041363
-1.4997883853030691
1.2908994178494873
-1.1416604236648016
-1.1745690104031723
1.4652666125874971
0.6476296121972824
0.5635511398150405
-0.6180498683107948
0.9335876838089123
-0.05981385541159999
1.6610026087359826
-2.039849633265185
-0.05337120021386722
2.752111616039012
2.293028173950795
0.9072544258642146
2.3130913991861437
-1.898792967504322
-3.3964009691253088
-3.899320731254458
-4.565731608099962
4.077969458651868
-1.6980895852501925
-3.2070895767193863
1.0730027340008226
2.7396186997398178
-1.1180839675414826
-3.4575244653042043
-0.6861738408559195
-4.5915419506175175
-3.325691625629436
-2.8367284057344553
-1.9878038015870987
0.4058278688487612
4.552513626393171
0.7871192309700785
0.3723116085902122
2.1052441344161763
0.23928773624203042
-4.0857642919689825
-0.09868727677350955
-0.6497937975601855
-1.6855702455762875
1.0452491993916122
0.787980906468645
2.777363302593556
-4.316308271135177
1.7323562608601764
3.272609596704113
2.0114050072297593
1.8814484930290951
-0.9140099220285172
2.3144704970602223
0.3525494938037043
-2.965006564337195
-4.1172357458933995
3.077217452249766
4.303918483689492
-1.2427354266559176
0.5557557384251627
3.162106281929008
0.8620507976909594
-5.067623012651654
-2.5602067483221633
-1.0546237604693403
-0.4523976444601148
2.0279840248264653
-0.3751913305003029
-0.2739583325878611
-0.2476335452863438
3.5792229658919643
