0.9612624142957653	0.6619555341001575	0.8478970575099275	0.40276893131346336	0.33137047391432245	0.4387676036883501	0.5149326639183609	0.7690591859598721	0.7179840961448104	0.7889381021911988	0.8118743637959733	0.8423312187751094	0.8251060784148653	0.8045622853170228	0.15278036843043669	0.16670031485715303	0.39505684364171884	0.6244346461628312
0.66195553410016	0.9480322983146232	0.5576849825596508	-0.20282239842918912	0.787454192666218	0.8846737976345315	0.9132484510806491	0.9029277096798752	0.9070829599431135	0.6838417458454651	0.3793386100681403	0.48119508644503484	0.6632947768318673	0.6523404989850019	-0.3340574898447701	-0.4085300087959889	-0.12937307305510984	0.3885392111642638
0.8478970575099329	0.5576849825596495	0.9541113109101031	0.1797904550527235	0.1657141087613918	0.3532108538945564	0.43950332208882076	0.7511325612556902	0.6762526091040361	0.7152086051332289	0.8592428488415338	0.9451505157411673	0.9328637984746762	0.9203407557395359	0.053654355583076706	0.011776072700178566	0.14717228937556517	0.4710768490128436
0.40276893131345415	-0.20282239842919164	0.17979045505271019	0.9135397230528428	-0.2920470507964207	-0.3413765427767835	-0.3154820041554071	-0.12734877766759078	-0.16263678454627187	0.13090404570465736	0.3656069085246454	0.2583065846415281	0.0528884492885808	0.006343732637279997	0.5643549333620113	0.7942260444398669	0.8845440670782715	0.4871447254955108
0.3313704739143204	0.7874541926662154	0.16571410876139017	-0.2920470507964219	0.9458554437956491	0.8501058207699832	0.816970693725945	0.6326060885669819	0.6558136843139561	0.3901383884089238	0.022761941320592706	0.0866165340844242	0.29344200633669143	0.2798336605042443	-0.39546553917800364	-0.44392374125677736	-0.189301374699849	0.22889478898064586
0.4387676036883516	0.8846737976345305	0.3532108538945576	-0.34137654277678164	0.8501058207699842	0.9456279296795959	0.9307146828928621	0.7914670373835797	0.8065977266204051	0.494330324499465	0.15183997130312776	0.2670061056961755	0.4896496200532182	0.4640506341761941	-0.4764165897368718	-0.5191610657902925	-0.22964888250403281	0.314125923349408
0.5149326639183621	0.9132484510806486	0.4395033220888212	-0.31548200415540584	0.8169706937259471	0.9307146828928629	0.9482907639692647	0.8519398332924418	0.8493517314140612	0.5288825443777276	0.21821604837571754	0.3524843175580481	0.5723228905388684	0.5497072856986261	-0.4602544156027732	-0.5108994505291042	-0.21293927883233213	0.35238916055745173
0.7690591859598757	0.9029277096798737	0.7511325612556908	-0.12734877766758362	0.6326060885669833	0.7914670373835789	0.851939833292441	0.9597117627816487	0.9215337161662399	0.7465781324433898	0.5740923994865785	0.6884112619148867	0.8264536154277986	0.8176971064135089	-0.237144977708338	-0.3204046704875994	-0.09101670887612213	0.4152394735905132
0.7179840961448153	0.9070829599431135	0.6762526091040385	-0.1626367845462658	0.6558136843139581	0.8065977266204054	0.8493517314140615	0.9215337161662418	0.9445921642176581	0.7653939108296072	0.5035695700105279	0.6115964295015762	0.7597095820959616	0.7437395133801561	-0.28372926268374354	-0.3604832409178414	-0.10995635707099231	0.41002143232885235
0.7889381021912063	0.6838417458454655	0.7152086051332333	0.1309040457046683	0.39013838840892506	0.49433032449946446	0.5288825443777279	0.7465781324433919	0.7653939108296075	0.9296576049521713	0.7584269272381418	0.7065852235524143	0.693838018007071	0.710687000011461	0.16120275742774492	0.03308405122180928	0.08595368911967408	0.292250689780048
0.8118743637959791	0.37933861006813935	0.8592428488415342	0.36560690852465866	0.02276194132059374	0.15183997130312601	0.21821604837571715	0.574092399486578	0.5035695700105258	0.7584269272381376	0.9420845896020072	0.8887784812695162	0.7734267354518535	0.7792156720710088	0.3352568710361465	0.2778243836643802	0.2820370861126224	0.36573511909820516
0.8423312187751145	0.4811950864450341	0.9451505157411674	0.2583065846415403	0.08661653408442607	0.26700610569617467	0.3524843175580482	0.6884112619148863	0.6115964295015741	0.70658522355241	0.8887784812695155	0.9522002147601832	0.89894978294951	0.8862569010089085	0.13657526921915975	0.10523945367269133	0.21103618333877724	0.46398142192773145
0.8251060784148692	0.6632947768318654	0.9328637984746753	0.05288844928859188	0.29344200633669315	0.48964962005321727	0.5723228905388675	0.8264536154277975	0.7597095820959588	0.6938380180070667	0.7734267354518525	0.8989497829495089	0.9581040543558919	0.9345589822784955	-0.10895446262304391	-0.1465814662155751	0.05707845849323066	0.5000884467573811
0.8045622853170288	0.6523404989850006	0.9203407557395372	0.00634373263729196	0.2798336605042456	0.46405063417619297	0.5497072856986255	0.8176971064135089	0.7437395133801544	0.7106870000114583	0.7792156720710101	0.8862569010089096	0.9345589822784972	0.9497736539845516	-0.03438578712885066	-0.1387360727585338	-0.02680935618069032	0.3684254820629159
0.15278036843043988	-0.33405748984477035	0.05365435558307741	0.5643549333620191	-0.3954655391780054	-0.4764165897368743	-0.4602544156027737	-0.23714497770833892	-0.28372926268374454	0.16120275742774326	0.3352568710361471	0.1365752692191613	-0.10895446262304373	-0.03438578712885154	0.9038155350955948	0.775911206220697	0.36515143303882464	-0.22188537849207318
0.16670031485714876	-0.40853000879599	0.011776072700171222	0.794226044439869	-0.4439237412567776	-0.5191610657902945	-0.510899450529105	-0.3204046704876038	-0.36048324091784467	0.033084051221802975	0.277824383664373	0.10523945367268524	-0.14658146621558146	-0.13873607275854083	0.7759112062206921	0.8866226879936308	0.6788987397824279	0.09426773072096178
0.39505684364170623	-0.12937307305511264	0.14717228937554883	0.8845440670782677	-0.1893013746998468	-0.229648882504034	-0.2129392788323333	-0.09101670887613031	-0.1099563570709989	0.08595368911966175	0.28203708611260614	0.211036183338762	0.05707845849321716	-0.026809356180704402	0.365151433038815	0.6788987397824231	0.9316991354024197	0.6572072425642281
0.6244346461628197	0.3885392111642608	0.4710768490128282	0.4871447254955076	0.22889478898064952	0.31412592334940775	0.3523891605574506	0.41523947359050617	0.410021432328846	0.2922506897800364	0.36573511909819	0.46398142192771674	0.5000884467573689	0.36842548206290304	-0.2218853784920817	0.09426773072095729	0.6572072425642281	0.9724187090103107
