-0.567675549158013
3.024678941075296
1.5178973881608697
0.5721281379600858
-0.013384594554799123
-0.45606995590170296
-2.9121951894204128
-2.2810682501209127
-0.7690482476710532
-1.1136707649261206
1.4492629417196574
3.9427688218520225
2.182993887836603
3.042314132759211
-5.067948520908715
3.5453074951130255
2.452095602113521
1.6214403655623668
4.921806929225737
2.9001470421989173
0.6787783384325158
1.0560143559841701
3.5062425070826357
-2.366276691263773
-3.013342425860949
-1.5986063997029778
-2.543931937601565
1.627231504887417
-3.065206366616802
2.09170840831365
3.1125280517119
0.3137950846442487
-1.0477732895594958
-5.762382028592423
-4.213659324196502
1.2463341183280288
1.0008239571470794
7.1255067684686635
5.675452656093611
2.0529820660324507
-0.6185777959261645
-2.747991719808944
1.823932374445175
0.07687479071644387
5.003266586107609
1.611504201559368
-1.4371361033619972
-1.112809946893636
3.2949200598386192
-1.3380524209532825
0.24376771443809986
-1.3338041719931037
5.435581256887193
-7.3669001550165
0.5046685192245903
-5.022598845423797
3.572413925019882
0.7388412122298962
-1.091549348897323
1.070303657765803
-0.500222948414665
2.310348410944997
-4.73408061818667
1.7116468023434939
-0.07691930394490387
2.484986075135913
-0.9975072233651509
-1.9424174098042897
5.107940050928848
5.519445830318739
3.3266983079261174
2.481362913380424
2.117980447557416
1.8131265976053075
-1.2771347392384327
3.1676112581212057
1.3153547764093452
1.5607097979201998
-6.663583871352149
1.1421071592707412
-6.73931792666715
3.797605624478423
1.9316572538400518
-7.692349769066927
-1.8727523023146313
1.6509906555387288
4.909751427261465
2.444837026782626
1.806476201156433
-4.367386250518432
0.487363346132638
3.167407172379418
-2.2652811225299945
4.88481500552973
-0.9424589643447498
3.0757371074932776
-2.3025462383141733
2.9180398553203335
1.179844227877731
1.7235759339974086
2.941612059693103
0.13203584570552862
2.3500855151302686
1.6370303822052639
3.728024848282006
-3.34992115547543
-1.4042557807517502
4.627414338221357
5.1492242100563
1.7885257552907465
1.3804147528546702
-0.9133030643515855
-5.772515890449188
2.835131454950658
3.257135992726827
4.136533318298325
4.732900077072811
0.5614443404911302
-4.546008738033205
8.81374249990525
-0.05575592114143757
3.7404945230871385
-0.5928735649845842
0.06573786666010784
-2.610079490586659
4.169436474900563
5.391703344515372
3.5712583813942214
-4.629404293256898
-2.109651421299194
8.706855628715003
5.854516238123066
0.9210231368519186
2.5899675131914126
1.8090370894926218
6.004875262286102
0.18225734131581506
1.6930863304325543
1.4843701228260384
1.1725944084759936
1.086149842175775
0.6771704057274843
-1.121472157188727
3.5020468088510697
5.129214809165901
0.19153240984758957
-3.2840313141705084
2.798289373458931
-2.223295551813925
-0.03169663364738973
2.7601777671743015
4.455151196308591
1.8723495443220073
2.4530182910907037
3.3385819077381114
4.297912897514981
-2.387174428374554
6.27231764501028
2.8914598448416795
1.4315134104628624
-2.772942957350922
3.2276674867132527
2.6756813766888348
3.3523812522460297
-0.5031544050558969
0.8261369798896973
7.613583275361074
3.676491931371916
1.824221072614761
-2.3460289586185565
-1.8874447443173124
2.402739259962835
2.9718341644316486
0.9115900304599112
3.8520270954930504
3.4015899612878844
-0.956346108381189
-0.9977476194047312
1.6750188276966782
0.7381977384758343
-2.105885046050332
1.686959693503613
1.5224112166902104
-1.4640001318678564
0.8318266458044044
-2.188267262691728
0.07663387951730671
0.5985794098483834
2.457620348341691
1.6753262782214593
0.6866837109251606
4.911025080248936
-0.44263331275204787
0.8520665876930977
2.0953076610687367
-0.24552109167884484
5.069602877909523
3.2377821848993684
2.98863942058392
-1.1390443822793344
3.0205393331604116
-4.3073477111945735
6.478534156574731
5.73290771022158
1.6208411300090841
-4.486545866684482
-5.124126528821117
1.0840611642747149
-0.03494024746806201
2.380113731704518
-5.525832748321648
4.085920983069436
-1.3462334299061478
7.5871871628516425
3.991687905423185
-0.5129976124155051
-3.4282404077032473
4.211140958679183
1.7636574540523984
2.1941147503780694
-2.2190365354715524
0.3306395255429316
4.287396404702304
-0.39339353788898856
-1.1584864895405933
-3.625362404432326
2.880849594325241
4.396372227935134
0.7266452430853396
2.4809328553636902
1.388651495458599
0.5818753535668428
0.44255110497599615
-0.18093865989664204
-5.213966702602941
-5.318448124677814
-4.740816715116977
1.7397236896322463
4.725245763523688
-2.491812008205057
-0.03257092686506713
-1.3970024152905194
-1.029541405762445
2.529344070520113
5.38794653600042
-2.402981361469665
-8.42423039622613
3.2068813875921185
0.11312809573519295
-5.025214484665524
-5.835692876861437
4.634758109244227
-4.363956787355902
0.5814441170038752
3.2709420911361593
0.9444302797688782
-2.9332050679004302
0.7115746613477172
0.432451451173525
3.2647781110702225
3.390417526736309
1.669750586981083
1.4136106556978398
2.0887659093735236
7.519817243199764
0.9380382161307779
1.5033565012805554
-0.41291832566859055
1.7226428695473246
0.48142857136940126
-3.3010172745580646
8.413430635603472
-9.863668218338308
3.4880185851229966
0.45859698585658065
0.12644507605251243
1.7822774405052466
-2.225938548656282
-1.8128758343003253
-0.7703908066592186
2.313460439157067
1.6914593802085567
0.61586469719954
2.7882271195761583
1.6302010775552558
0.6421212895092834
4.463888105262708
0.43349943623852205
5.179015903592988
-0.281067700866219
2.3940247852364367
-0.27639054798286117
4.036928939461788
-2.9611244603306925
2.4494343341678677
-2.134547195311858
7.705601322556976
5.410930972564074
4.1440711572071365
4.6795014331045515
7.36283711650684
1.756119011501665
1.2233978705340607
0.7232800456565414
1.7041954711654554
1.1819348254189948
3.718632133849067
3.395028394963578
3.270224703358459
4.577616865252648
5.2158726160847175
0.7309309437626995
1.6432297115132033
2.7023538319184395
-4.6787156008509445
4.722513102676919
-2.013086893246283
2.5566590521134946
-4.33908986578507
3.055309898878663
1.1979832158843993
-0.7207699837199161
3.8972184552837272
4.956605826402328
-2.09826832509429
-3.3524773922067697
-2.036918195305425
5.326348027005952
0.3625126389892975
-1.762882489643567
3.7140537911038956
-0.0833106885307282
0.33959663525842454
1.6269903485960358
7.4146212703765775
5.429657228651307
-0.2895709276332967
-3.573517367148341
3.4974958708014063
-0.16785686626972157
-1.004574889327126
5.617135093206779
-4.302278608387062
-1.7763003654399472
2.7879284121573704
-1.6352196500197584
-2.200631554691918
1.4809366984481125
4.244258465477615
3.6847559968956394
3.996452208378093
3.221529318901421
3.2638634703544915
1.3950016156515122
-1.4835298469876856
-0.11916317112544494
4.489691571244381
-1.0303298196143098
1.3756603898331747
1.5715233540196258
-1.238790458957377
1.5724145978098314
-4.598636385132002
3.986915093023668
2.0120576252668716
0.5647549843911105
-3.1613169464777653
4.670583542767433
6.517339664843151
-0.8630782802976286
-2.4063338092900604
5.421722065606926
2.5098488909557783
-4.114444404946839
2.17918622588221
0.2585051256185924
0.3700744281919355
-2.019659304446268
-2.880844091531797
-1.2601855923216871
2.301664872139347
-6.4045430216505705
1.540487587814395
0.7926481945274122
1.2934586152589702
-1.8614075948185391
4.256969128106524
-2.272162272766182
-7.548166189556895
-4.036971827609191
3.4497423783793035
0.38949622543020235
1.115867932552487
-7.518527388034172
0.4786260456081699
4.214923247265655
3.338662812635999
2.1380098668677907
-4.058277221472271
-1.102306646773612
3.653365139653285
-1.7417977219568637
-1.0116656013884961
-2.9184439754395974
1.9535704173995954
-1.8001341632527879
-3.1379209823835708
-0.1220505666754379
6.402311782032995
3.719231928508384
0.8019452145413093
-4.135981494523317
1.1507695645942044
0.9725191231207158
1.414910203451079
-5.218109465661468
-0.8696841441065201
1.0066170760744595
3.0577916868226582
4.107518305442706
-5.463110032065699
-4.8574670358252225
-2.788623518359981
-1.908925431270198
2.5511443300926286
-3.161817979240879
-0.4758144050528696
5.090838519702163
1.3736622641666716
0.1422387796603901
1.6788146954856904
1.9365716664302437
-3.8902751534230844
4.2917677353656645
-1.8900705502263537
2.95682959241943
-3.9622728106926797
0.14454391699501629
1.4515484107777579
2.8832809888643474
0.9362144650933174
-1.8419387879615667
2.182964193157934
2.842490510819626
-8.755308576046376
1.4738878716657549
1.648318775818346
-1.496753120639432
4.517269500817734
4.659585125931901
0.3653064592156461
4.06670012526936
2.8304646553156156
2.805086733666539
-0.5943173428870252
5.300510961200787
3.635430303518426
3.4379113007388336
-0.6221187011817708
-1.4423454247597771
4.7057993852274755
3.008747412105606
-2.0906964360269815
0.564684210251825
3.626963718484117
1.8877262398921102
-3.2361744742483207
3.112135986645776
1.179267473790611
-0.16158080128093055
0.6990539867517176
-3.7642964738798974
-0.615259159812148
-2.279060898739811
0.5523375895913355
2.7039666188060214
4.725669658865427
5.361925055533659
-2.7767063975835646
-2.1062284390819563
0.6106398647843108
1.548775051432361
-0.5620623739651949
-1.7264019901718388
6.4723085755678325
-3.380861669446125
2.4282878009694726
-0.10561416682006053
4.599942814522734
-7.470988172888426
-3.957416785775763
8.465249179534814
-0.6172427542014205
1.3273631958925969
6.13824693138488
4.612590972878044
1.722080284771432
-1.4973529272089328
3.5948100641355456
4.096488098438977
6.3798856120947605
3.2192563071647715
-0.06122103861401662
-0.9781158349227973
-4.354655911573346
2.351540751722516
1.1852489964180088
-6.507944890832916
4.664161761039645
0.44418148003910507
-5.128285161111144
0.4391862553869308
1.3744118739009332
-2.515872290657305
3.027982620528188
2.4443357666972574
-2.332691645530973
-0.6472191082834089
-0.9655440789018042
-6.516402795086305
5.127761664488953
5.153150425365027
-11.386471743743886
1.0457400448905059
-0.06824073312502477
-0.8818846827199347
1.0395223452617672
-6.24250038300718
-1.5828111439254755
5.211805158482511
2.839933805760187
0.1379390255502274
1.2100623669002175
1.1160134915645588
9.401052193904926
2.1259317631095653
1.417504699420051
4.721675955368601
0.7024642813380398
-2.620299408532368
-1.4780654234452337
1.2889106796831684
-0.03907012941302335
6.084950259308918
2.1560170991800653
2.98467540853878
-6.6684267192821665
-4.528132572687024
-0.8171780482854892
0.8860100329227787
2.6393857760161556
3.7769105760760517
2.710548258635052
4.029486587146445
0.3283071613061683
-0.48194971053023783
-7.714011686608606
1.2635429408553565
-5.4120048425852625
-0.30436619765002215
5.079789002565414
1.3190981434178002
1.213456557953631
1.9319789374277219
1.0786572016388982
2.1008882007278356
-2.515919348749253
-3.132084551129972
-0.864421121592127
1.0136556470766214
2.4289660434212683
-1.8027985389753522
0.7433039312160109
-0.19310746768446752
0.8242930445339867
5.215088092720217
-2.200155091708335
-0.6352148697810707
0.3288761643749447
-6.409248881192499
0.6843180606649255
-0.5650048239239065
0.44967977409499316
-4.474718766317892
0.2156866074849979
2.353716236865097
-1.2114960221928257
1.7029435333819207
5.755870218703251
-1.1043440649150216
-1.689889028675383
5.328252882221903
-2.20494752202839
-0.6558737141872689
5.13513967425557
5.542668717594556
4.404504957295466
-1.6626756803262968
2.779776467593787
2.6138518302872895
4.208186487453087
2.261815691053485
-4.103164462105056
-5.3030205548537035
-0.3148827983729069
2.140370054957712
0.8260252033430623
-6.0523549470920335
1.727876466034037
1.1626550338586124
5.114935856693195
0.395839968921339
-5.825322235109087
0.13422156467895396
4.696944779516933
-6.528662801900817
0.22551004143113507
4.455547464510763
1.4714120580086916
5.810173446207025
1.9334244715159676
-0.7585517625824555
3.259734619041115
-3.2392905787074073
3.003931099718152
-0.5758074856778252
4.077340303713135
-0.6011022090219507
6.8583979656381935
5.375101831357647
-0.756976346312525
-2.415900853055592
-2.744080129642817
-1.6525856688810232
6.698700909963476
1.0147446175301147
4.312156268157039
0.687525204189744
4.5397184753275495
3.8124771961991613
5.839493893809479
-2.3207098807874353
3.575532935328492
1.9039384566442377
1.4720784069893011
2.57967847934915
5.754427481342151
1.7673842742000336
-1.9442493200353077
-0.0045351319292085135
5.004135709583888
3.1557554468348763
0.9579262262378767
5.32750859770854
0.3020984775841711
-12.38137878001418
3.5704475777294116
0.3826692736615045
2.057236967564379
0.8584510748580404
3.525820685879289
-0.3301070058582085
4.6168029203168715
-0.736299891487288
-0.5809133120154757
2.6676991426343197
-1.6153770058703334
1.2148823046034856
6.575349162227706
0.9893992979157427
4.003335501107465
-1.4081337927478443
-4.495264003299117
0.19563586192229077
3.2141441124698162
5.845644516490429
1.6756454779072554
3.0154513835260133
1.8974492246278554
7.035611626359303
3.1563102704978205
0.4900428777535836
-0.5955936170512778
3.759703615418065
1.784830183177347
4.430147303545229
-0.19257263832386295
2.127656153683298
-1.7036864209726756
2.70542367777887
0.834605383706928
0.4439433886621804
1.9300082267526277
-1.5462276187959867
1.6286197742631752
1.1656211472403262
3.464234142099652
-1.0299534442061626
-1.5661688799889675
2.3710171167571894
-6.651597309984646
-1.07076371462556
2.907152953216297
1.5795426207826935
2.6240770552434656
-2.8463909167669765
-0.43160899679730724
3.391027254724784
4.595697461907891
0.9647167071496121
0.8041823323511721
3.3701841644947987
-2.358757134052098
1.0204424667317933
-0.33120497639322194
-1.0153972889886902
-1.2973646464792106
3.3640096775149413
0.4338019122696146
-1.103681870508558
-0.34085271172954534
1.5340783151371844
1.1342271023448196
-1.7440411583796303
2.219629424194475
7.195243870156633
1.9096255773321893
4.226099266242848
1.6352650104568085
5.426076708099049
2.5570147598874273
1.534726614552233
-1.4203388134930839
3.5182890363869266
-1.5447452759170142
1.8486460422547972
4.829112204268727
1.74833436483412
0.9903709822787432
1.8516168382081768
-0.1440458514333467
-0.8606241389350373
-1.0187123516306704
2.615734896760033
4.051232701713072
3.648687672796761
2.0494159623240806
-0.10019319487614087
5.80058324116537
-0.9797503663654767
-6.297702184942852
0.40030748275665745
4.240518585977426
1.2628124790910953
0.5651735943699124
6.1081000865241295
3.7912687757727648
3.2702139221440047
5.297311923960474
-0.9053743612308117
4.722175033799436
-1.6865254612737985
2.559879787356371
0.7488399929023162
-0.3698506203553367
-0.8216796568276447
5.379028685582432
9.079098702895113
-0.7343308617217312
-2.7612827492261163
1.0215016791719407
0.20752820187957344
-1.0377543705966252
0.16816344950200512
-2.495957951524704
3.0776345754874397
0.8900264063113855
-3.13800254010905
1.2249864842029954
0.47253755088871674
2.729143465376403
-5.14880949534738
2.2863577497706733
0.4527131080854184
-0.4468091976945995
5.613348889416475
3.2775296248173436
-1.6400917522376153
4.415994893771413
8.093656555800187
4.876420050086441
-2.476308588721792
-5.64246246689295
3.6838999886270547
0.6343581596553582
3.1265045616845395
4.910174493748041
3.295010563352345
1.9175037544366433
-1.802701052204475
-3.1790126110946613
1.368780547696169
3.505726781340255
5.490558193450871
2.4951845330772646
1.3167158383648991
2.0174782610673208
-3.51173272941709
5.439111356662549
3.497523358353505
3.976923283503581
-0.16355556252713566
0.9773701046739423
2.3557808538909186
-0.4052544499728521
0.4318542864171895
2.6105457851357396
4.375664756115229
5.911810260130809
3.428253994144283
3.008844039019996
-2.5392234832968557
1.0292179743972873
-1.7463134882020914
2.009273970127192
1.0441730058542906
-2.4608196862934912
0.6958809344391101
7.099714594147309
6.283145283536609
-0.5923339028041432
1.047932588101405
2.1173512387829705
-0.7083851634137422
3.6651053333708195
-1.525486757880641
2.4055072531166486
2.9218981829203394
4.73182454256844
6.574729731276274
-3.146452711585996
0.8620568783215672
1.9268919827274125
-0.3346157257069271
2.153052977748156
2.0400741729716207
-7.707770982555185
4.645135176119581
-5.268001331122067
5.770952859261195
4.5193929968159585
2.172413667126051
3.9865140632001657
4.689653535035633
0.3321890933478911
2.2678711583065785
-5.094288141108411
6.384840751804107
-0.1130461936848195
4.864413266171831
1.9520354263296915
4.9660144373817285
3.7329949819440933
-0.9861351749979124
0.3872915803311705
-7.274696249991227
-0.17100613184257893
0.4046151040759211
5.199753692629547
2.8141145545108066
0.08207184273613888
-0.5262507830837067
1.3152218212434326
7.616443432188369
5.526388349993272
-0.6642679006169143
-0.2497990165926509
0.08928611701142053
4.419870993413267
2.642388146796455
3.5482186314562
0.7140926338023289
-2.2339557515782937
2.0962591791958847
0.8549102266249291
5.477425524415187
0.7108577306683452
2.280678230526118
4.157360564992317
2.9183319316802194
1.1120563430391113
-0.8212162344351115
4.069143398978188
-0.4136246605603706
-7.284483700023275
4.581849816899394
-0.9958460390036105
1.2406937575525456
0.812638459164136
-2.473518663073887
-1.4580960082018768
2.004503447802983
-8.055687330188391
2.140430920602995
2.9283817645649104
4.0484259383700945
4.448920770228722
-0.6115643102251433
-5.789177983522467
0.5943620812047805
4.473762725718374
2.2485220301294957
-2.2277149269832455
-1.4370207256232606
-0.09456885650654168
-0.011891269761954426
5.226638881455651
-3.824988464793293
-1.6405882061073416
3.9938941880578316
2.1088423540457266
2.6802916516989916
0.3507928978916386
4.585079316399568
2.2866568183470832
5.619959322702341
-5.797367031520432
5.937018368370399
5.5212172967699
5.214342660933747
-3.7072526467230045
-5.99774060372514
2.015291367422507
-5.509172416394488
0.07825175792292757
-2.130667860156868
-0.21716248072996278
0.8712710962234057
5.207489109956494
-0.3406825164753694
4.076722879926299
0.8350797650120798
1.5617674894630365
-1.1371862484790967
-2.729693478424148
2.6520570599060553
-3.048308606321488
1.2042894628640601
1.602379622713365
-2.682650985810468
4.071478483836941
-0.3309473472195228
2.4141855610849468
-0.30087018811931077
-1.6778542397085614
2.018971696297273
-0.4481278881552797
-1.216906321004152
6.914631616731923
1.1637433262235062
1.8109271800334281
5.5726085934562155
-2.2893572625755985
6.81748253278841
1.4490053254261914
-2.412565271049833
2.7160742220477605
2.2699764337384316
-2.2657158355853224
0.9413992430096135
1.848184514978269
-5.467383399211608
0.0037174703437073964
4.868514377004194
1.783793827414271
-4.952920238487181
5.936524877595723
1.466498820279258
-4.010487369346276
-6.528477256291689
2.958863231073635
-0.057711959252780096
5.669054022558339
-1.004189964059237
-5.369387747457906
-0.34696070793043887
-0.82616194833917
3.937111655832606
5.362253951645154
-4.60945525734871
0.12163761004578322
-0.49654661566839325
-1.238414391928234
-3.0793689214944537
3.4856351594835493
0.32841010666427983
2.1139728625976737
4.083334655185172
6.888114502260569
-3.194768853704838
