1	-0.088704513339476
1	-0.9575873240069772
1	-0.9713258274139007
1	-0.9847900613424241
1	-0.5954781589540936
1	0.2124813875751884
1	2.28150775802523
1	1.7643235366779797
1	-0.3933262467789896
1	-0.1348394065324508
1	2.976425594885618
1	1.725544321960398
1	-0.21906089607782303
1	-0.9222574541474473
1	0.06836557260637557
1	-0.8140523948314129
1	0.3269840396081818
1	0.7108247937774431
1	-0.10608642735637407
1	-1.29896279363344
1	1.0636813370605454
1	-1.30562355253235
1	-0.01524184016662185
1	0.19381601480470728
1	1.1272593946858918
1	0.8029533939276966
1	-1.2933778553167898
1	-0.21149464232691187
1	0.6450420366609064
1	0.5997286512091592
1	0.024277176550615065
1	-2.0371969302200905
1	0.6214836287179494
1	-0.13054721358054758
1	0.8169673542610058
1	-0.19379759467689617
1	1.296269155278104
1	0.08580061793586295
1	0.07180273715339783
1	0.3204761362963572
1	1.0336399543597878
1	-1.0945634603246979
1	-0.6791161523499301
1	0.011761520379429317
1	2.814848925125671
1	0.0926064603885179
1	-1.2692102523586881
1	0.3231399446096092
1	-0.49888839265203583
1	1.2845110930295807
1	-0.8672780733144273
1	2.4419706454218937
1	-0.06173090154470752
1	0.8063927954413004
1	-0.011425569233402837
1	-0.733870621903556
1	0.8194637291987976
1	-1.9083857710476804
1	0.382821597880075
1	0.36169923472321164
1	-0.029909251850469495
1	0.4109244309802487
1	-0.2841129763341187
1	-1.163950877273734
1	-1.127696032317255
1	0.0798394207407006
1	1.936984657333456
1	2.1230097272172697
1	-0.6537786706309708
1	-0.0469852827921449
1	0.552542623251845
1	0.44964411488249334
1	-1.237701230319104
1	-0.7419655465994444
1	0.6809791527673157
1	1.8522256020592778
1	-0.019071811266072675
1	0.31106792664264543
1	0.027577870607554265
1	1.8301823024459578
1	0.8173137015486025
1	-0.6108256122749166
1	1.2694966789183126
1	0.2755897074167969
1	0.06231715954983425
1	-1.2023799820830352
1	1.2478025917568327
1	-1.9840063483771782
1	0.85149561498542
1	-0.30489641117404737
1	1.0256421740966744
1	-0.921209877893885
1	-1.5262154783120874
1	1.6855159844673675
1	1.1509176765666507
1	-0.5310376699481322
1	-0.09544275465961942
1	0.2310564340736747
1	-0.5402956825293753
1	0.6257533862789268
1	0.08407011629295191
1	0.23293474888390714
1	0.5648058529359777
1	0.2825790616602885
1	-0.8170604775099024
1	0.8989271072186573
1	0.15861257518674426
1	-0.6995356690058167
1	-0.954728783794944
1	-1.7713806420658307
1	-0.07169238260499496
1	0.3848896431360841
1	-0.8034142576728392
1	0.12521847910408312
1	-0.17079357356197963
1	0.08768107442516311
1	-1.582563818469608
1	0.014171403381889635
1	1.1174775310086833
1	-0.5363929684527782
1	1.938551196053085
1	0.9501149030311073
1	0.9991216447191117
1	1.2098358324764096
1	1.286066667323042
1	-1.115758386975261
1	0.3343359540729012
1	-1.1267342656444554
1	1.3193056055877908
1	-0.20509054079819297
1	-0.733429508715425
1	-1.5234112761744485
1	0.8589370511960923
1	0.41794366494592383
1	0.21057679093202633
1	0.11016822271477586
1	0.10027771279366283
1	0.11458703149059954
1	0.30073573634885764
1	-0.12120593217565334
1	0.24187399381496713
1	-1.2418509806614424
1	0.04916011574862855
1	-1.1358897185584014
1	0.5517112078719846
1	1.6774983529544054
1	0.7247855532803128
1	0.37805731661862024
1	1.3076917113927573
1	1.2957210537159478
1	0.5290796336904756
1	0.6135930722195001
1	-1.102358792257199
1	-0.824767393436388
1	1.058528252592278
1	0.09018374364229714
1	0.0006798045258740839
1	-1.1906408781722417
1	0.7988648335455519
1	-0.38479701335810657
1	0.4057232171372442
1	0.6871904347154295
1	-0.24069837788235174
1	-0.17427677171302886
1	-0.11126844631767091
1	0.2873411561534727
1	-0.3554801234205975
1	0.424864819064835
1	0.9798071160429496
1	-1.115604216745106
1	1.4125618145840213
1	-0.2689788096319154
1	-0.4672307405685135
1	1.2508674559994712
1	1.5649752377492878
1	0.01572293778148904
1	-0.04113175298188561
1	0.08785192658699052
1	1.3941382109051772
1	-0.3395254221429237
1	-0.6958788477158802
1	0.43336910312161553
1	-1.0093270733894542
1	-0.6292089703083138
1	0.17590627430624414
1	-0.031627628463812445
1	0.7913189973011251
1	-0.7731308297508902
1	-1.0335974088585753
1	0.02697280746897527
1	0.7609912056560879
1	-1.2673225363323433
1	-0.7653591295587181
1	0.5721097278723899
1	-0.2906404414854209
1	0.3852326875127464
1	-0.04166503407630472
1	0.9391189056587048
1	-0.17694855454001285
1	0.4130376767075486
1	-0.9576806412569401
1	0.9312451768579022
1	-0.054922955309082325
1	-0.6607610785674393
1	-0.48473217381711786
1	0.7073063607664843
1	1.0757548617642205
1	-1.0780450745605215
1	-0.6150805250213367
1	0.1677830203548126
1	-0.524385190362129
1	0.32390674340308
1	-0.5490630054624734
1	1.7460768305883596
1	0.889185116227432
1	-0.7187194953596565
1	-1.7718318892527094
1	-2.4127239558780307
1	-0.22541414696695578
1	-0.7972348855951222
1	0.6042289103078061
1	2.092282178175183
1	0.03200554451323615
1	-0.18687932816219902
1	-0.6981662401522332
1	0.9469044148647844
1	0.07076572910518766
1	-0.6981490753062203
1	0.1873504276455221
1	-0.07749835262709331
1	-2.2043050393360906
1	2.4353461202253923
1	1.46737182562672
1	0.8507263163327948
1	0.4299983830203882
1	0.32222628655269503
1	-0.017825128666727086
1	0.36687603612059116
1	0.4809589041178382
1	0.4923360175287874
1	-1.087974661780701
1	-0.3549796013953448
1	-1.0721198697794214
1	-0.549987228539186
1	0.41507800097811104
1	-1.5488347353747818
1	0.12059245321810999
1	2.224212946606361
1	-0.587585212811386
1	-0.7709839196267683
1	-1.0513939612215728
1	1.5900046101985257
1	-2.942403232774035
1	0.18764173034848142
1	-1.39686761359761
1	-0.87498096806771
1	0.9400756327187625
1	1.5370395037969669
1	-0.3863294874516386
1	0.4896169508797354
1	-0.9368318591800647
1	1.1977990718975366
1	0.3469663888376706
1	0.28097023902214097
1	-0.2573471509323136
1	0.14328472018203972
1	-0.03041210383748604
1	2.0238437751296585
1	-0.74698643259081
1	-0.14674749186538733
1	0.10594862665294028
1	-1.1235917590931914
1	-0.5301033328300419
1	0.32853804049678337
1	0.2136681591791166
1	0.17445532215280019
1	0.8170363331055206
1	-0.9278167900840125
1	0.7512669196667384
1	1.527490020530523
1	0.9637893502036482
1	1.0151234687580717
1	-0.18592400273571624
1	2.4375137625914287
1	0.7782890544439196
1	-1.29856388332176
1	0.2729539321294311
1	0.8952546152578726
1	0.14105599420911066
1	-0.45118523037859815
1	-1.0633301800977535
1	1.2645504301834158
1	-0.6652268511106082
1	-1.69041756952963
1	2.206272008905889
1	-0.5659861331827504
1	-0.0352200803658424
1	0.5362043254889964
1	0.05246507828276911
1	-0.7617035846613247
1	0.2059855642608395
1	0.47167077263644663
1	-0.658707784618354
1	0.8340638539890933
1	-0.48282350003654295
1	0.283945218912457
1	0.8423355318303335
1	-1.1250268583945833
1	-2.081753510189522
1	-0.5861024574957602
1	0.13442163442476038
1	1.0921522433733986
1	-0.23158652442319266
1	0.2614909633865709
1	-1.3990339034311219
1	-1.1788236567267976
1	0.7543976876427244
1	1.5064993281799846
1	-2.081128175406941
1	-0.4663663418066978
1	0.3493170953570226
1	0.13642668515203274
1	-0.8990282632434191
1	1.9221927589606649
1	-0.671957578561461
1	1.227429946059425
1	1.5338801145159684
1	-0.7820067432721005
1	-1.036925392294892
1	0.590368754899379
1	-1.1746643387419524
1	0.45458098604640357
1	-1.7071485954153989
1	-0.036987194644067724
1	-1.181901807996367
1	0.8652852771469617
1	1.0453231545507689
1	0.8110746510324369
1	1.3941557045632023
1	0.24116395615468034
1	0.44961416597457765
1	-0.8089408537488385
1	-1.0419914741468659
1	-0.5184042102002065
1	0.26512143524776505
1	0.1946874390801752
1	-0.15059559262515262
1	0.05079446001306815
1	0.7010003146703371
1	-0.5302382030507757
1	-1.0210214174518675
1	0.0343623909310068
1	0.8810732012984847
1	-0.8993349908100716
1	1.9021042936822798
1	-0.7412781946499702
1	-0.14516244072866902
1	-2.160574676964183
1	2.0132425184738025
1	-1.3641239158258243
1	-0.850439185560075
1	0.12346930604118404
1	0.23646579908702595
1	-0.3393642517549156
1	-0.3397938668738994
1	-0.6024248960618207
1	1.3276305694900874
1	-1.2269866648887233
1	-0.12701560301594433
1	0.3512709935165332
1	-0.7347450865493756
1	0.45004250272029545
1	-0.2803009457057965
1	1.1864377784114606
1	0.34710916448813045
1	1.7021474460768486
1	0.9965002973655296
1	1.2669004644401995
1	1.356983132634256
1	0.6001929272292883
1	-1.4934094388052392
1	-0.6267910778772141
1	-0.6723525299495868
1	-0.15467289204713705
1	1.0913176452570441
1	-2.733973642433118
1	-0.7693701097441402
1	1.2377815182484277
1	-0.932999204976977
1	1.8180504508649902
1	0.6058807724587341
1	-2.0767127787359807
1	-0.6148795622273754
1	0.8490432404153244
1	-1.2515826780245245
1	-0.8930983370800399
1	-1.0255963765184506
1	-1.108676509285304
1	-0.5801977191056784
1	1.4600251405328477
1	1.0536781052881654
1	-1.4279792050107594
1	2.0038255956436006
1	-1.3854217200434136
1	1.0361298035182493
1	-0.3522179826258462
1	0.8884876972089002
1	1.242122593138234
1	0.22687427827016113
1	-2.76516126287904
1	0.3378912251565893
1	0.24079908507188094
1	-0.1068778231648374
1	0.13604894534042777
1	-1.1663333671448355
1	1.5632317509689335
1	0.3882607235055684
1	-0.640058512626297
1	-1.6109464345504854
1	1.704733279727191
1	-0.6580405506688182
1	0.17302267456036047
1	1.9272401141869808
1	0.7123887796049237
1	-1.371270897845786
1	-1.298281380869642
1	-1.6400849202020469
1	0.647589664359674
1	-0.6528901782776911
1	1.3299176141616689
1	-0.38517914820072213
1	1.7415053421262172
1	-0.9740982525450038
1	-0.5576244755893898
1	-0.43557261335511793
1	1.7816345079320155
1	1.4771139887298068
1	-1.7646296104058332
1	1.547905926453017
1	2.3171007808580986
1	-0.4587158753922375
1	0.32001756988646574
1	-0.7622061021959978
1	-0.1124474291506601
1	-0.11202241742984953
1	0.22889897610490928
1	-0.7602632090916563
1	-0.14760838172658342
1	0.9104037628983932
1	-0.35368429559751857
1	-1.059677364326829
1	0.4020847822768468
1	-0.9442392607343121
1	-0.49373161287710887
1	1.4147556208738519
1	-0.08216563953173894
1	-0.03161287660998653
1	-1.8527904442781884
1	-1.117775827675564
1	-0.7854235848833069
1	-1.8503781960555112
1	-0.22109286828020164
1	1.6463793818106596
1	0.5601796669486793
1	1.3318405029868385
1	-0.6884791663096553
1	0.7489343737018254
1	0.7230545175839986
1	1.0039268217786699
1	0.40529261805176026
1	-0.025120945434742588
1	-0.3799343947395996
1	0.24992342349790198
1	1.046426378134967
1	-0.5365688907516386
1	0.8209880818684884
1	0.48362573337033554
1	0.24928885387200225
1	0.37643198003024
1	2.3935341049849095
1	-0.5509138783569411
1	0.7673732542604235
1	-0.5318791757713035
1	-2.265784894865976
1	-0.5595549833450658
1	0.11500796311993358
1	0.6226684353725421
1	-1.030618135755394
1	0.0015991386653607192
1	0.4745201168541281
1	1.3092377838039533
1	0.4542684798239974
1	0.15328186804919702
1	1.1748109785869407
1	1.4229190944533026
1	-1.658603312420251
1	0.9608952502131488
1	-0.795031193367253
1	0.2402638835445665
1	-1.1400503276009122
1	0.641553773134366
1	1.0541644031267399
1	-0.7596269697921813
1	-2.117278939531305
1	1.5656399603410773
1	-1.5285978582090676
1	1.7789688815163547
1	0.7576684485198306
1	-0.049176949274653416
1	1.0259603578605654
1	-0.5127855667055707
1	1.3858540672776183
1	-0.8208084326722879
1	1.660995487824132
1	2.281639410739209
1	-1.8275557921321952
1	0.7166539784874586
1	-0.8934936911245539
1	0.8364406685593848
1	2.5292031334275404
1	0.09474229093569006
1	0.9919852967257842
1	1.5341045979980372
1	0.5516703217133551
1	0.09761605623922154
1	0.8610992356155781
1	-0.7310569701436624
1	1.1615982024808722
1	-0.25623910033550246
1	-0.65439069122708
1	-1.6546917469032847
1	0.5729169300578171
1	1.0931798726644744
1	0.3483969900832491
1	-0.031097511719353443
1	-1.5061206067032678
1	-1.6700586060563647
1	0.13100566968114374
1	-0.1150030009107668
1	1.0516856974231175
1	-1.3953699144131055
1	-1.8339093734483827
1	-0.21273843556220282
1	-2.174193321318469
1	0.1640298026857716
1	-1.4646625149321206
1	1.3412527122690183
1	-1.0330014241964662
1	0.14352614415314213
1	0.851564161251958
1	-0.7452925852973379
1	1.380497421430722
1	-0.9037849618391038
1	-0.16964210839414015
1	1.3532433136845263
1	-0.8584580412778646
1	0.7654058852398598
1	-0.04779051189530364
1	1.3937493539332444
1	-0.6628501684066282
1	0.18415336625425593
1	-0.25915460790533795
1	0.7493418288192789
1	1.1754684647308238
1	0.20576013973740162
1	-0.05659865580038459
1	-1.3047689589833074
1	-0.06151318770796372
1	-0.3546113402988699
1	-1.023776375031262
1	0.2007572801662455
1	1.4385362323434574
1	0.9290093599700217
1	0.03736516171512834
1	-0.11131548802055034
1	1.1185952495531482
1	1.0870693378883198
1	-1.5952101049412069
1	0.7474002064632465
1	0.3257589492700592
1	0.3180576435874158
1	0.6766738685169287
1	-0.5391714601630427
1	-0.7582863310882713
1	0.22328622974985854
1	-0.34575651699026105
1	0.5190832579350956
1	0.18350873656131342
1	-1.0653434535022643
1	1.4195260912785463
1	0.46057741257891494
1	0.8807879172558879
1	1.239970652544861
1	1.041382118700625
1	0.3269467980451771
1	0.16209568576176572
1	0.2651392427653515
1	-0.4357496089292551
1	0.19932778246572902
1	0.8494296510247619
1	1.263577397016321
1	0.3193630347994322
1	-0.8948739392920882
1	-0.9794723936217014
1	0.19073415844190592
1	-1.609142220374066
1	0.867658953953599
1	0.2919015493365244
1	-0.6642758873243164
1	1.6735956384965596
1	0.9802489953037652
1	-0.3724186750348866
1	0.5184858317851947
1	0.07239340612588804
1	0.5757516573981967
1	0.03180132977869223
1	-0.7565269289002179
1	-1.718787226748389
1	-0.19780915478506697
1	-1.4927172752148392
1	0.3418476674451369
1	1.498615773953581
1	-0.12133513870969467
1	0.10840190914519025
1	-0.24546207754411473
1	1.1064518539217276
1	0.26232392351427186
1	0.3789309641078516
1	0.2925572187848622
1	-2.1559761892871956
1	1.0359726345892954
1	-1.2725562204922891
1	0.16143449182316844
1	-1.1512728211039172
1	0.30060269462603634
1	1.2819438372901875
1	-0.6434147595544369
1	0.5974029723165737
1	-1.4949881111031278
1	-2.1558457212382525
1	-0.8006517147104943
1	0.8676841715698339
1	-0.19727494946082766
1	-0.3824083688978237
1	0.4731215610763997
1	-1.0480792882327452
1	-1.48105416924173
1	0.7287898244031733
1	0.9649073764662849
1	1.3112005865215515
1	0.004398646690880801
1	0.5906068139320105
1	0.06773890052913721
1	0.9330079288331267
1	-0.8613224144662073
1	-0.1013103260769007
1	-0.14236063567557866
1	-0.07312608209081278
1	-0.9282596362960697
1	1.4850826489216982
1	0.4638590827368765
1	0.12922798471566285
1	-0.4807136847949797
1	-0.29908890374765923
1	-0.9584724824785362
1	0.2687736232289782
1	-1.9032630682000182
1	-0.9070611059066922
1	0.9017320380193672
1	0.7232990588311234
1	-0.5039256918548422
1	-0.7018150764400818
1	1.7079104433551462
1	-0.7612819626012165
1	0.6039459645685927
1	0.10478065727201585
1	0.16698414184985302
1	-1.5622598086545836
1	-0.3317272328956321
1	1.312211242500728
1	0.005036402534890273
1	-1.1633476895831398
1	1.327585133419079
1	-0.7562376456891118
1	-0.33655423698988174
1	-0.7146520908056804
1	-0.969320710923097
1	0.9417560105550163
1	-1.0270807475794252
1	-1.137163620293256
1	2.2684047906355196
1	0.39806793072610686
1	-0.735594524530308
1	1.9663434404997058
1	-1.1908656418871486
1	-0.562379239124661
1	1.0921511301260876
1	-1.2828304877449805
1	0.21008302436241502
1	0.2613289301777594
1	0.6084960539746583
1	2.420049125791714
1	1.1928159385770045
1	-1.5909075773957029
1	0.020284095780406908
1	0.7739040247323468
1	0.04170336395472316
1	-2.498298316347985
1	-0.5431971343445863
1	1.7818226755872515
1	0.060000122692781814
1	-0.3744078552795536
1	-0.012208747248045626
1	-0.4576174732193983
1	0.5090683569502304
1	0.07599465297803666
1	-1.780171824310517
1	2.031133462597262
1	-0.28276082724144697
1	-0.38875593482453413
1	1.0698146277396714
1	1.1749414925659858
1	0.27959564456159
1	0.2287206648014837
1	0.18241573566038488
1	-0.8170611388492799
1	-0.529236786734304
1	-0.537033947446486
1	-0.34547099087774863
1	-1.0370779625916622
1	0.5460758980652728
1	1.1364019650328308
1	0.461710356964543
1	0.3673806760159111
1	1.3905914425884685
1	0.5601011145320103
1	-0.1406799908452441
1	-2.0972167089107265
1	-2.982647875458518
1	-0.3464060722143162
1	0.2618288143748001
1	-1.3220515228677092
1	-0.4238303377600929
1	0.2891686216740172
1	-0.49298289439806287
1	-1.7373094608976793
1	0.6411673675050565
1	-1.1091788928655808
1	-0.8082564648624012
1	-0.7356427789172726
1	1.641713350836211
1	0.7544784393562892
1	0.19220670758358915
1	0.9057037900453844
1	0.8190102600487834
1	1.0826907684344775
1	-0.4772791191180648
1	1.085234692616282
1	0.4038907117529025
1	0.19742305221986
1	1.7466893681740665
1	2.0883160144758883
1	0.9003872420682453
1	0.6361029863494467
1	-0.05460886768984537
1	0.9896633443323553
1	0.8872495577191423
1	-0.18389974479619706
1	-0.648345671832133
1	-0.9974660539789528
1	1.688517545819533
1	-0.5725700371931309
1	-0.8997431363752034
1	-1.261722074162979
1	1.6546422398426506
1	2.715254948068563
1	0.4420661886516321
1	0.47502613749844014
1	-0.8255365111775057
1	0.162556713702877
1	0.7464266621065503
1	1.0219219786830007
1	0.9979212565803608
1	-0.7952882706924175
1	0.6460097074868947
1	-0.3649607914683879
1	-0.015113528305336847
1	-0.7738806148015278
1	0.12471116411544099
1	-1.1600883989488016
1	-0.4946665363726876
1	0.18722741617695238
1	-0.5652534288714367
1	0.37375103343598626
1	0.40119821776346987
1	-1.4062351711821603
1	0.21298333269197187
1	-0.44626537968826974
1	0.8035764078208433
1	0.6179436632860306
1	-1.1072874418160055
1	0.10384635653133689
1	0.8825033118735004
1	-0.20187835371827356
1	-0.48816925232556796
1	-0.6865204609403676
1	-1.0583375724814605
1	0.10561601438763017
1	-0.8621382760711693
1	-0.08745902272198966
1	2.0733742942156552
1	0.7938961725413781
1	-0.55605840565119
1	0.19017829959739452
1	0.9533810255440754
1	0.2773307452708608
1	0.47493006727636905
1	-0.4609402805567268
1	0.07584281936712091
1	-1.9932858737060686
1	-2.902342091320236
1	-0.3901890449913302
1	-0.44560462000378814
1	0.323683245051716
1	-1.2933024933493535
1	-2.3148764910576363
1	1.0494134055093616
1	-0.9825546348847713
1	-1.3427282646912844
1	-1.9953136515960936
1	-2.0615751108995544
1	-0.6011216142367273
1	2.324861661980697
1	-0.11427824329662839
1	0.9291995431735071
1	-2.3842053082777306
1	-1.210002731885778
1	-0.5423354653758755
1	2.9847258479269585
1	-0.41527403218675957
1	-1.5316398584062334
1	1.3756235000871246
1	-2.178804024496617
1	-0.16930118036055292
1	0.9097984443713176
1	1.6035787446201142
1	0.4207152060905681
1	1.793348597224539
1	0.08089552234641216
1	-0.045964301459251185
1	-0.6822571130347473
1	0.12767175422132684
1	-0.7600683778881904
1	-0.36372318681323135
1	-0.7560387723464979
1	0.1523804038129662
1	-1.4297774628284798
1	2.051550087785261
1	0.11655836586963081
1	0.34082255750979246
1	-0.5236085649083898
1	0.24694839540072702
1	0.08963954562247152
1	-0.7949259577386812
1	2.7109210132740316
1	0.5129942559956213
1	-0.9595602100398836
1	1.3065367404163457
1	-1.6905323754684392
1	0.19336008364894086
1	1.6293838770901274
1	-0.545822639826934
1	-0.09785590559039542
1	-0.5826178346138594
1	-0.38125456492638976
1	0.052730766246414325
1	-0.626243959158638
1	-0.009610600864152555
1	1.3172128961694278
1	1.8605182693403493
1	0.13739572108331685
1	-0.21360097761979066
1	-1.8307440924145666
1	-1.1927623281111799
1	1.1389571382179675
1	0.1338800536817005
1	0.021035213576719766
1	-0.9458289449762927
1	-0.039060838519270745
1	1.9347892601050964
1	1.547781094212312
1	0.31318867055778965
1	0.4726396644485312
1	0.6846646515469547
1	-1.0745070672730441
1	-0.25775392835698663
1	-0.4409894871238204
1	-0.4947340970244677
1	-1.731162929489104
1	-1.1999728281007833
1	0.5634975547877137
1	0.0070526837654923
1	-0.5417659264814383
1	-0.7907080826782668
1	-1.3117063530354305
1	-0.8723314800846591
1	1.094962327489518
1	1.1322956592574136
1	0.4475211493956138
1	0.07618534123896845
1	2.0216656997798816
1	-1.624512142157897
1	-1.6121484738129226
1	-0.44930306224405486
1	-0.5705924088901447
1	1.2643347139260905
1	-0.29380379638056575
1	-0.6946414291801697
1	-1.7927678653798114
1	-0.6847760672143999
1	-0.7910036467119944
1	0.8280155944280921
1	0.34710826691371754
1	-0.8546347506292897
1	-0.8561779694956086
1	1.2290827796366524
1	0.5844204408499912
1	-0.35000646717592243
1	1.004861111893092
1	0.736553704747349
1	1.7979633654267468
1	0.024822123843413757
1	-1.305664990299445
1	0.8156221201233271
1	0.2106844961390199
1	-1.22573165211246
1	-0.5754428553339894
1	-0.7291092334973545
1	0.4648522579210738
1	-0.8676155098539643
1	1.4181411484806563
1	0.7555168130541879
1	-1.1783283476126047
1	-0.09603051540482527
1	-0.017484533483185447
1	1.05980204568538
1	-2.1109970180651487
1	-1.0576900947060655
1	-0.44231009452187686
1	1.2777237926008014
1	-0.6772772210581857
1	0.5505331606497208
1	1.303052977935024
1	-0.39319326347070377
1	-0.19632833703196934
1	1.8917714735660414
1	-2.4555382195215456
1	1.2094237908427143
1	2.160827733077565
1	1.462879775796732
1	-0.593180100225351
1	-0.5363038192814399
1	1.5240616155607112
1	-0.19648625885815146
1	-0.19593855444972694
1	0.5156830296945671
1	0.5167931484211618
1	-0.5395971877965758
1	0.8552131485052705
1	-0.963055201325
1	-0.7166647192521033
1	0.9717756077851765
1	-1.3771992374958433
1	0.8153676958262449
1	-1.5832512797242093
1	1.2978468088765291
1	0.17301467059315379
1	1.7175509874625536
1	1.113773622396743
1	-0.748749053673625
1	-0.3187494244156977
1	0.3523432917396499
1	1.273107382436704
1	-1.4072665175320018
1	-0.990323006181214
1	-1.9965169468060537
1	-0.6304420161285648
1	1.0954235786905848
1	0.346962573681923
1	2.180632201848583
1	0.5130730780077598
1	-0.9864864749355718
1	1.62057577802459
1	-0.47898989006361903
1	-0.28254433192536177
1	-0.19389512587279917
1	-0.7609424197625148
1	-0.021747807387719153
1	-0.50772512938553
1	0.14042328139253385
1	-0.3591441391450661
1	-0.3087686314993915
1	-0.10326928166384107
1	-0.6912751438173201
1	2.6064759501125554
1	2.1941172100905293
1	-0.5244014844561101
1	-0.13519521196626455
1	0.21370409044527616
1	-1.7592850256727557
1	-0.7278141122045915
1	0.7640600579040471
1	-1.0005665730522293
1	1.0612405767603361
1	1.384335794163982
1	0.47813910492005235
1	-1.0623131231264011
1	0.6821834183559049
1	0.1424748659433197
1	0.5173293362531093
1	-0.46024038618409596
1	0.48317977347812685
1	0.2324836461401511
1	1.4139248443194725
1	-0.03664305427954624
1	1.3416704621723088
1	-0.3443555302891935
1	1.4955369319185163
1	-1.0008550476773295
1	0.05027377099323124
1	-0.683241546856737
1	-1.5957351480685884
1	0.3239124272518729
1	-0.18958656375266245
1	0.6644277315954664
1	-1.0959715536129062
1	0.568707682820512
1	1.987496994492172
1	1.6796823982605278
1	2.119668230797512
1	0.6908056907636394
1	-0.69548477447048
1	1.2252704593300143
1	1.4354150356508417
1	0.8854961242369046
1	-0.3603286285540448
1	-1.1080598152488852
1	0.5172901784731325
1	-0.40468538952551564
1	0.7889431837438026
1	-1.912995360470809
1	-0.32134079629173584
1	0.35372950093134975
1	1.0353139052928053
1	1.3131777209361912
1	1.1905115991920203
1	-0.10691589155573189
1	-0.6304657559859564
1	-0.6049692468451594
1	-0.1983680757100662
1	0.43673017700429856
1	0.6373626073478965
1	-0.490473670043798
1	-0.7061779103790413
1	-0.789900422038004
1	-0.48254560101675564
1	-0.5932660235895719
1	1.576383283457318
1	-0.6087043113583462
1	-0.27109346405701756
1	0.2610824626919635
1	-0.015204007628691889
1	0.827881652559969
1	-0.07083220018412749
1	-0.09539988247301773
1	-0.3939420516774168
1	-1.527652243598282
1	-0.9172143197566278
1	0.2931355563575295
1	0.6542627888527014
1	-1.7023309486709186
1	-0.1274911613787106
1	-0.5278167017345592
1	-0.6561291159175112
1	1.3338098457619025
1	-0.304245243736442
1	-1.651902743489241
1	0.0667611135706136
1	0.19084342115436648
1	-1.4905855449582053
1	-0.42350311024313275
1	-0.7121040281524699
1	0.10158468315493376
1	1.085367626479701
1	-0.10518134973291014
1	-1.2473250892798116
1	-1.670750887329357
1	2.3329720645887075
1	0.27698786651935947
1	0.16237706841427327
1	-1.0179406567476437
1	-0.3735147389760316
1	0.8573471661265268
1	-1.1632129383032885
1	-0.5029902194238908
1	0.7137863771939599
1	0.18025992302972604
1	-0.29017122911961546
1	1.013535062100099
1	-1.2057348576944247
1	0.7914779153097644
1	-1.9161758393048403
1	-0.7842400168627256
1	1.0474500807638338
1	0.44158573978480214
1	-0.5478524592701434
1	-1.4545098723199104
1	2.2981106327103076
1	0.6087812416652146
1	-0.535407418231827
1	0.3978250361764809
1	0.07486415841493149
1	0.7764802377617448
1	0.9682497766242713
1	-0.46549921781782727
1	0.2284643590509542
1	-1.1975563744164128
1	-0.3964921184036021
1	0.6037555355730322
1	0.9562577755855193
1	-0.7354378364603269
1	-2.5368433805647883
1	-0.7951611455624632
1	-0.5307723250446525
1	0.2689926767938123
1	1.5404385803646805
1	-0.27841260820798325
1	0.060576339731563386
1	1.3723855117489254
1	-0.3281214923065239
1	0.9687257693602135
1	1.9108909932836131
1	-0.4550533134851261
1	-0.239957293196132
1	0.35185104037924586
1	-0.23983939123145592
1	-1.988298015355272
1	-1.2111183026255663
1	-1.117614809117409
1	1.1574964839986728
1	0.9776786518737907
1	0.5564141069266189
1	-0.4315439010206883
1	-0.378586631690702
1	-1.2119447683233335
1	0.48363465736916905
1	-0.5927302287254205
1	0.22397706223304137
1	0.12959271704689532
1	-1.187215482002443
1	-0.9197902049089697
1	0.4096904817471766
1	-1.7085904628911368
1	1.6036500270681853
1	-1.797530014635541
1	1.7285699862441009
1	-1.3575544056251214
1	0.4636378144742748
1	-1.1099500320387081
1	-0.8323285190797653
1	-0.3683210914232246
1	-1.267497403512704
1	1.2118607054216068
1	-0.38188775853201723
1	0.14362672984994365
1	0.41551141288485527
1	3.105660058647899
1	-0.27844031623533394
1	-0.12393469757591384
1	-0.7881865891724027
1	0.9673129519753015
1	-0.4558920830458051
1	0.2021107469065463
1	-0.3436828183943978
1	-0.1269756808920707
1	1.3334717651226546
1	-0.13737228936245427
1	-0.12058364593985636
1	0.9968818261724169
1	-2.6755907613443104
1	-0.3501991839191511
1	-0.42278314920722937
1	-0.9078645966819209
1	-0.2241926516872995
1	-0.5599153495615593
1	-0.30967958845228494
1	-2.4922769525943185
1	-2.8290089399931406
1	0.6087713163729837
1	-1.1587724925397977
1	-1.0805704938129792
1	-0.9296334919085859
1	-0.4750867097014089
1	-0.3327904288238657
1	0.5535349186015087
1	-1.4572806488360943
1	0.3877076481535529
1	1.1675690597791368
1	-1.5337859954788862
1	0.9757105438939391
1	-0.20410984577534733
1	-0.35090903526173234
1	-0.04239299492820573
1	0.7199217748079685
1	-0.9976235299832823
1	-0.6765844395618233
1	1.8861927622008903
1	-0.4382592290808832
1	0.1177909695113073
1	-0.49683416031921923
1	-0.4689007847544834
1	-0.8026402374993207
1	0.7423085279932035
1	0.0011664337779396109
1	-0.9447441860044781
1	1.8358478611176576
1	0.45385246023088244
1	-0.03951829568765692
1	1.2503861411713506
1	0.2683040040177622
1	-0.1862027115273185
1	1.1163306825150903
1	-0.7417303956374414
1	-0.49128315435647135
1	-0.7637135394269844
1	-0.6173427664546141
1	-0.6461595805993792
1	0.4247934505055606
1	0.2736915848569159
1	-1.9856767884912383
1	-0.707206890391159
1	0.08708298334058037
1	-0.47293479001950917
1	-0.6101754777539681
1	-0.2923628305318748
1	-0.8200826729752357
1	0.3631832017141473
1	1.2703661316145107
1	0.9696490501928883
1	-0.3985110116792734
1	-0.8727692270762086
1	0.7120568998982488
1	0.24906133324944932
1	-1.5023525192329072
1	-0.655210410862836
1	1.3442113410149683
1	0.8658042378237666
1	1.135867820908741
1	-0.35658180165232484
1	-1.533646223104592
1	0.4173383136622341
1	3.3396224117710296
1	0.9569168947196639
1	-0.2537606285823432
1	0.8613243026047627
1	1.1858000193205858
1	-0.9783225059044806
1	0.7552178061310582
1	-1.5887788801479903
1	1.1832984041450572
1	0.16628001059123118
1	0.4096425608835255
1	0.24211117028365178
1	1.0063181774631995
1	-1.260491427110651
1	-0.057726171553753994
1	-1.7763530717423708
1	1.1876875260091455
1	0.4950974130431277
1	0.46182582675743206
1	-1.0704766228472968
1	-0.8185355472377678
1	-1.4074664026060695
1	-0.6046925507226287
1	-0.6031685983552678
1	-1.2655423176634863
1	1.2588157155313795
1	0.6867524060849344
1	-1.6917713902310467
1	-0.6147825963883189
1	-3.3208434990530824
1	0.4503678258054646
1	-1.7366954337934362
1	0.5159463637326361
1	-0.9283260589964669
1	-0.26998323785976874
1	-0.37656271844799133
1	-0.4905593712324428
1	-1.1421955110636899
1	1.0687969305667047
1	1.0395499655245468
1	0.006013423246898464
1	-0.4873487501482469
1	1.1484236529258092
1	0.3277561367405346
1	1.2138014454275963
1	0.4070436473625331
1	1.4777912223203578
1	1.0710008705869853
1	-1.575423807360542
1	2.5368652129134
1	0.8081554609019683
1	1.5333415342739327
1	-0.7995548373025494
1	0.5833858544643652
1	-0.4830945501547748
1	-1.7503254599116413
1	-0.045058074112815795
1	-1.9279765432315532
1	0.3517575384822871
1	0.4219763041810704
1	0.8230836008721727
1	-0.7891840980567407
1	1.6266608484986156
1	-0.2309910280512835
1	0.7511217336347962
1	-0.7458699296258048
1	0.3206153741296253
1	1.3781108930511456
1	-1.6167862147971108
1	1.5544271496752795
1	1.9202379734735104
1	1.2057258221947194
1	1.1793141360070447
1	-0.4204193548158884
1	0.5746686592148926
1	1.2126655935323591
1	-1.104742344131064
1	1.7216554813975948
1	0.45550607376552144
1	0.6688449225073722
1	-0.028367978849370607
1	-0.44937009665577005
1	1.8972575306328372
1	0.26889001723936307
1	0.23672998825819036
1	-1.391259631066702
1	0.6810209611170227
1	2.2409801277205146
1	-2.113771220200444
1	0.33982699176309245
1	-0.2503878215436681
1	-1.800380677696
1	0.2382842686593975
1	-0.438825435616386
1	0.29871391922270224
1	-0.11125591898001692
1	0.5716849534472807
1	1.331847328948881
1	-0.14936372859672162
1	1.52647416438631
1	1.9394775834849842
1	1.445256197423705
1	-0.33024627230520986
1	-0.982853986056479
1	-2.396488935971628
1	0.6835545210491293
1	-0.8254697051399459
1	0.3685610193517058
1	-0.650063352552181
1	-0.7712402618706257
1	-0.9834126794135631
1	-0.6558163458982825
1	-0.24502874372881936
1	0.021063285206204943
1	-0.027960100772326014
1	1.0029536705705995
1	2.0713550734888013
1	-0.37373561119048315
1	-0.1662697073065787
1	-0.7142989997143778
1	-0.24016233952178948
1	0.22245389444522645
1	0.4990627133743139
1	-0.2568793633105933
1	-2.430451971436948
1	-0.2980993702460777
1	-0.6470227915746936
1	2.924249440368919
1	-1.2987441562393465
1	-0.13662879210603007
1	-0.5863123020326381
1	-1.4664319795324436
1	-1.4238615788832267
1	0.1677429881117849
1	1.3407608818098438
1	-0.9558262312477352
1	-1.2213085318635222
1	-0.7536718681974761
1	-0.8433786074240827
1	1.8098755508564799
1	-1.013991139934753
1	-1.803296057710517
1	0.9038867434723011
1	-0.05064632184226967
1	0.029612096243263896
1	0.27273402899467497
1	0.10266491871017783
1	2.2845061627714474
1	-0.3157623492426356
1	-0.31806781685218444
1	-0.5371543273394747
1	1.3693220113702538
1	0.5309585156685545
1	-0.2038291640164308
1	-0.5631204401595487
1	0.2945404259699051
1	0.9359712852696848
1	0.9924687144396659
1	1.6621354269403577
1	-2.344255137733996
1	0.22470760695460681
1	1.4733960283422687
1	-1.015404000995353
1	-1.7233003792414792
1	-0.6179047456533421
1	0.7736458969588426
1	0.645221759282596
1	0.19579188109667087
1	-0.22567923349631397
1	0.4081981903217268
1	-1.4240175633545642
1	1.1965574121950309
1	-1.2491280945302157
1	-0.9874385418657725
1	-0.2585780095168313
1	-0.18466510510431966
1	-0.13685952532327353
1	0.20083712575686227
1	-0.39123656017647235
1	-1.9431555103881117
1	0.17091110993044936
1	-0.647932465959291
1	0.22595016619521324
1	0.3399988836253234
1	-0.7963548342569838
1	0.47140761288206035
1	-0.0779509418531804
1	-2.058564887696942
1	0.6866697849502547
1	0.35039769320427383
1	-0.7270810867568491
1	-0.9368787182933571
1	1.2235477901554683
1	-0.7409771223026587
1	-1.1869973677138423
1	1.2129665508697078
1	-0.022109221561786217
1	0.012462956309086072
1	0.03411898559662536
1	-0.04919280375526675
1	-1.2347616925782008
1	0.8969423932467219
1	2.1054815050316797
1	0.1462813597086188
1	-0.0026477040641946833
1	0.24040329800578422
1	1.213451352531019
1	-0.4406529395291972
1	0.4205982385930422
1	0.14750047172142186
1	-0.5100840838475285
1	0.37423105126554856
1	0.3554107491925968
1	-0.6151221149056136
1	-0.8557404100549023
1	0.13237264210139804
1	-0.5654282401448255
1	-1.1976151533068224
1	0.837301839974603
1	0.18818745534608558
1	-0.5670918116131556
1	-1.0804836957116561
1	-1.4070344718832866
1	1.418824928345364
1	-1.246929150874432
1	-2.7965367208228606
1	1.0413966308272462
1	2.5538952137866637
1	-1.0416743403758837
1	-0.8500890315644871
1	1.7063610384570986
1	0.9050160671305099
1	0.7970220772577451
1	0.4212814907083192
1	-1.78641431810007
1	0.9480403223084514
1	0.14332551864022455
1	-0.6180578927450566
1	0.15954889812643405
1	-1.509886235554193
1	-0.13743917082241539
1	0.07208129882576891
1	-1.1757454349149552
1	-0.5024919348526106
1	0.5249481323555205
1	0.14425372664757166
1	1.2931465233693111
1	-0.6564509524137614
1	-1.347268841458905
1	-1.0703604534909839
1	1.75716777495664
1	-0.902809444362411
1	-0.06667251520717858
1	0.9547070872247125
1	0.1485595167711899
1	-0.3422205511375465
1	-0.7391727431653237
1	1.6277270184419397
1	0.18074923795630812
1	0.055670362125758
1	-0.6160911684229461
1	1.181787146122232
1	0.3231521589946886
1	0.7361017107015586
1	-1.2092723074347176
1	2.196095385709005
1	-0.4035099544916769
1	-0.04849443094657828
1	-0.9302414973890829
1	1.1419610579984634
1	0.007255045009919809
1	-0.8094677839706976
1	-0.5984212700270003
1	-1.4132823544980917
1	0.49896471336330295
1	0.1714125402754508
1	-0.45269348820409444
1	1.492903029530542
1	0.8059626922851255
1	-0.1483051843975721
1	-0.5541358407942536
1	0.6752916987606927
1	0.27993310238477276
1	-0.09184747518153576
1	0.009893258384125659
1	-0.08607223061463751
1	0.34407654067431376
1	-0.3838926917084181
1	-0.5716250819150455
1	0.16396451092201766
1	-1.0472094724905157
1	0.7091214530423698
1	-1.353279490906262
1	1.6461727981324048
1	-0.8836916347881767
1	-0.001628766423005928
1	-2.4120865256028114
1	-1.4387546889141491
1	-1.4473285549579844
1	-0.6760286051574257
1	-0.20111551560641522
1	-0.6080556041862744
1	-1.2841558330521123
1	2.800634712292032
1	0.4813016377274212
1	0.15491150047652696
1	-0.46364678889800287
1	0.015566753119152036
1	-0.03550749304777513
1	-1.2014053099549131
1	0.5118709628142162
1	-0.2229224734700292
1	-1.3763343324596622
1	-0.2029449894899102
1	0.17738513257031177
1	0.7712639007157963
1	0.5914459699385152
1	-1.4602919038528093
1	1.5716701009794338
1	2.0291479414623637
1	0.8782607862229097
1	0.32072286120391313
1	-1.6384900453427858
1	1.7884496186332044
1	0.24101588340971328
1	-1.4650875923053326
1	-0.9179390872133032
1	-1.3148356302537834
1	-1.6181934868228465
1	0.2474278290258372
1	-0.6788737539387353
1	1.7938361372044702
1	-0.9078674000979081
1	0.2429236634509518
1	0.49081362502183695
1	0.12892418636537267
1	1.6622407103942496
1	-0.026266057810402338
1	0.06206316139215932
1	-0.6218802281265344
1	0.7694292397385724
1	-0.23008903344627177
1	-0.06272448794936542
1	-0.6901947642975658
1	1.3774813420156578
1	-0.5550705190506393
1	0.6747802394407116
1	1.0158879321879446
1	0.040150537309186184
1	0.8447239981288932
1	-0.8147711824572876
1	0.6211840953152462
1	0.46142522505612465
1	1.06779087030259
1	1.3393682131917284
1	0.9601554710919822
1	0.4685526738811764
1	0.1621464871939628
1	-0.2001768686867877
1	-0.7639153303390616
1	0.6253146982556324
1	2.221069220449307
1	0.3359802021390624
1	0.29128757114592446
1	0.6448545280725467
1	1.5111036258633939
1	-0.9055755021164754
1	-0.1633825034317908
1	-1.9581408875740383
1	-0.8363741156464068
1	0.3810379450189092
1	-1.297465234000907
1	-0.4133736418483019
1	-0.6899807019327724
1	1.3931129256778865
1	-1.3241093987816541
1	-0.5515960569003293
1	-0.6130841954289922
1	0.11807513824755558
1	-1.7611611789036197
1	-0.6017851056059474
1	-1.5576228827851113
1	1.5492903025058753
1	-1.4709463642018186
1	-1.9910463090429633
1	-1.1050265733613172
1	1.4596943069020014
1	0.9056870338561929
1	-1.074434448853661
1	-1.0540522601269464
1	0.197738133730004
1	-0.8299998368240686
1	-1.9822335132004163
1	0.19826670758445092
1	1.6147662075516436
1	1.092683072891912
1	-1.3716448433803576
1	0.1181607297288782
1	-0.9960588747045347
1	0.18482803786971452
1	-0.7029486070441456
1	-1.2149315602604382
1	0.229320008507947
1	-1.2279178403140818
1	-1.3659787454738206
1	-0.4831980403643653
1	0.02674585338076899
1	0.9816847062811327
1	-0.785582841818851
1	0.39649657638436664
1	1.0906385170857198
1	-0.2453706565390138
1	0.887816348740375
1	0.6008345971333946
1	1.0496014684159531
1	0.39345668349386315
1	-1.9348063961459707
1	0.9279345051440839
1	0.6036975129586284
1	-1.8941706475451214
1	-2.1711949138701
1	-0.027530735143641814
1	0.08150872598636152
1	1.263755345614303
1	-0.2609953183563557
1	-0.4177301493473166
1	0.4889386979122752
1	-0.13065789047840726
1	-0.4851365184255156
1	0.017632014076285195
1	-1.542823300926638
1	-0.6552396965765696
1	1.2323063604834794
1	-0.26003923356282543
1	-0.12496916798284613
1	-0.1114603976665043
1	0.2477120007689531
1	-0.3533827173747511
1	-0.954380075798232
1	-0.12458199366376965
1	-0.875923512336148
1	-0.3342343846116958
1	1.2493128578751438
1	0.1876656591729959
1	0.9547844894628521
1	2.1980566202464464
1	0.20104691704198946
1	1.273516763566216
1	1.355457505738412
1	-0.6019893686083923
1	0.7549502445580315
1	0.7240404988028601
1	0.9067843490265389
1	-0.669193014357502
1	0.07304000614433404
1	-1.292628387564183
1	-1.4004670646927735
1	-2.0160913516442602
1	-2.051457706341972
1	-1.9960456642689512
1	-0.6080028142873012
1	1.3834632180526063
1	-0.6337955338546529
1	0.20510078846814175
1	0.8576875268539206
1	-0.17461014555119106
1	1.2665713806363412
1	0.47924281093533466
1	0.054944210742862876
1	-0.3128039520973843
1	-0.6603889274719056
1	2.1056064685318896
1	0.638129466300958
1	1.0498024637210963
1	0.907037400639646
1	-1.176608887101024
1	-1.6511317255497642
1	-0.0037997699117028765
1	-0.11993782545719696
1	0.9380259290009403
1	1.2511978295077162
1	-0.4075547273631248
1	-0.5663778260183013
1	0.45815557510576355
1	-1.7581350697730986
1	0.4342086474084851
1	-0.025268326430444566
1	-1.3307130962145237
1	-1.113008710597744
1	0.6271681946118226
1	1.05389012073919
1	-1.7736548609306155
1	-0.39420784147962384
1	-1.617885391749096
1	-0.8722390759322175
1	1.1837377047612891
1	0.3271566401026713
1	0.4513031374042306
1	0.6932305795339289
1	1.9743655003216172
1	-0.5343390543856898
1	-1.0560595143199225
1	0.11313184647607055
1	-0.4106895256070343
1	1.185577494491431
1	0.7280579180743687
1	-0.48048695022232357
1	0.7123119458787582
1	1.49276776999276
1	-0.9769638673849316
1	-0.5374371878652975
1	1.8493342885280761
1	-0.16304627034350158
1	-0.6911429449400633
1	1.8648196980356964
1	0.5061498597579586
1	0.7423485693503646
1	0.46572297500504484
1	1.024542279662204
1	0.17019894617993858
1	0.7076277332601224
1	0.0027813272946442306
1	0.5749516313345571
1	-0.2725009051641625
1	-2.320386630694603
1	0.7835142277680585
1	-0.1888980346075264
1	-0.8145465474608256
1	1.6208651073498062
1	-0.20498681926968254
1	-0.9383875002757459
1	0.730681980350514
1	-0.9371926210372785
1	1.2334592012778984
1	-0.8364044536719131
1	0.12393523441652574
1	-0.13257381180929345
1	0.19960568905964937
1	1.0752961029962376
1	-0.6006599417732956
1	0.6305645600042468
1	-0.0857151628047791
1	-0.16140900667169403
1	-0.47320301952793964
1	1.2385017980496609
1	-1.7085625882264752
1	0.21090630506009295
1	-0.4154603985323122
1	0.8221389100549256
1	-0.17691724570072948
1	0.03483051630938688
1	-1.0655905414073608
1	-0.24753959067890363
1	-0.03399213385388446
1	-0.045145359982295456
1	-1.3803484597980724
1	2.4941813794085186
1	-0.14172832182164752
1	1.7255303677848615
1	-0.7256345201394286
1	0.6923941049598802
1	-1.0411600857092815
1	-1.4656470204131973
1	-0.4525694378520055
1	-0.27958275505951
1	0.4534319664607272
1	1.1162184404776563
1	-0.28821273087589455
1	-1.0723513338972073
1	-0.2954193731892794
1	0.2681568613423602
1	-0.6378707954505726
1	0.34177081547525656
1	-0.9550946367051418
1	-0.35161375440566095
1	0.5556000187658304
1	-0.4001592079073533
1	0.08007359664989869
1	1.120900040761805
1	-0.8036945338800625
1	2.640033925691541
1	1.1692293156581373
1	2.090163799981994
1	1.8017305263194485
1	-0.49701927495624687
1	-1.434578410262865
1	-0.7838469203161189
1	1.8912352286335088
1	1.4498315589427402
1	0.26026723961524895
1	0.6010264664436739
1	-0.4306921395862776
1	0.5766807495536685
1	-1.3814685612972268
1	0.34051889428910087
1	-0.23117307119847402
1	0.857707413013105
1	0.40078561733698376
1	0.6250793565920174
1	0.8701685708298099
1	-0.6231041683406714
1	-0.7961154867084027
1	-0.10136962661760596
1	-0.5388357122479625
1	-0.5025342896384247
1	1.2343196711811268
1	1.7106268913959635
1	-0.9855865021511792
1	-0.9974209316869171
1	0.13630321929772252
1	0.5793366242161363
1	0.8642276048931375
1	-0.4434938631008488
1	-0.13808533054957556
1	-1.5961156566943215
1	0.5975427212861484
1	0.8561021428574578
1	1.0513100056467533
1	0.050123444909971546
1	0.7240051509907792
1	-0.9147736431826262
1	-0.48244612209031484
1	-0.6797149846552721
1	0.8842605809189374
1	0.34548866625049673
1	0.966645889142298
1	0.05502059413091046
1	0.46780153663760327
1	-0.07985656881134787
1	1.534012123275194
1	-0.8333884878677887
1	2.0400187862950214
1	0.14961226160433858
1	0.15818795017866272
1	-0.31592902923872995
1	1.0026062579322779
1	-0.63840179017778
1	-0.2861551201349861
1	-0.0638434327583306
1	1.0419488757842128
1	-1.483033232031449
1	-0.04314178161790196
1	-0.08719946768569818
1	-2.336062898041362
1	-0.5654254300590557
1	0.1994868665141164
1	0.3911484945787455
1	2.827096363702987
1	-1.2034247021257967
1	0.478469914695705
1	-0.018888546820370326
1	1.9860611693632175
1	-0.4702475744007554
1	2.1128748305171703
1	-0.036814141931037436
1	0.06744963768858209
1	0.06204273881817158
1	-0.5032393075548024
1	-0.7954350682262987
1	0.9328569275249982
1	0.5174299205118085
1	0.4193015284861757
1	-0.12062211511038054
1	1.383372712035158
1	0.971179983906517
1	-0.7043219716813732
1	-0.15106118373646074
1	1.3460549433110078
1	-0.1608361441841475
1	0.6497876813803819
1	1.8619935240832999
1	-2.1325720703996796
1	-0.9257842304959405
1	0.15249609662196512
1	0.2647562566994633
1	1.2941683392244665
1	-0.20684184867955202
1	-0.5694151555833382
1	-0.5253382821650354
1	1.8595447799288938
1	1.158900763138217
1	0.843671678458002
1	-0.21539701188042673
1	-1.290778544249862
1	-2.0495516369461977
1	1.3895068772378434
1	0.2849837420515343
1	1.563087023625632
1	1.6715595212887708
1	0.7367075104550251
1	0.7947834346481862
1	0.2763934588154492
1	0.9251839964827634
1	-0.5868354242072035
1	-0.4693881706403724
1	1.3285721057474962
1	-1.4497119950235466
1	-0.3673326265236594
1	0.38837250268289414
1	-0.10340960035019879
1	2.8770456124221298
1	-0.7294973537948648
1	-1.277106922925992
1	-0.9965921220773492
1	0.680529788478169
1	0.5665920491741869
1	1.620304958326998
1	0.8696043576427482
1	0.3594712559099706
1	-1.5967101359320908
1	-0.6354308702644621
1	-1.6728438384211484
1	0.04992623770340923
1	0.7803020430483463
1	0.24896231261542778
1	-2.1038740006430205
1	0.14374487710683662
1	-0.12632835469700385
1	-0.08234128200945515
1	-0.5120952895703809
1	-0.24103152705177414
1	0.7359727497409768
1	2.3799521048499277
1	1.107818218389837
1	-0.20731755602167073
1	0.0873521794880083
1	0.28925310534756404
1	-1.5520157419380463
1	-1.3530728326080939
1	0.788853637216379
1	0.2647805466660856
1	-1.4946106751612367
1	1.4680611317578787
1	0.7688867286257259
1	0.8899805921501537
1	0.48737128540025343
1	-1.1099294217666724
1	-0.004242195534085435
1	-0.9212134253776472
1	-0.5045502726638758
1	0.6685798438083287
1	-1.2661461780782142
1	1.026219818210662
1	0.9389696258308512
1	-0.9716122741168809
1	0.42252018938569597
1	-0.9283005518320547
1	-0.35487560380099376
1	0.684798729482207
1	0.7722927677096308
1	0.6584249410939911
1	-0.5219274640730476
1	0.6927574711483795
1	0.6938608584461077
1	0.5764477341204665
1	-0.5006358219620612
1	0.14838452353618986
1	0.04661879920876861
1	-0.1539578250627518
1	1.1906525285056442
1	-0.29388241877036897
1	0.7412873292483337
1	1.9034892892324047
1	-0.36492253676807446
1	-0.007183762422559376
1	0.3021702470471745
1	1.0343398696239154
1	-1.4648874278465776
1	-0.13457978119279168
1	-1.0420410760687375
1	-0.20014297711100687
1	2.1900948929450452
1	1.2378117000062034
1	-0.4896796954531916
1	0.4490603100792077
1	-0.8463479328749574
1	-1.8420284133420388
1	-1.0388351272841816
1	0.7855868718080149
1	-0.8125596487178081
1	-0.8942277968741472
1	-2.0987486217527764
1	0.07884402491130446
1	0.7796758988463288
1	0.2508945761942335
1	0.22348039548404486
1	-1.4403535011277684
1	-0.27269755275908647
1	-0.9646388550070302
1	0.19398613641538873
1	1.2101284678017779
1	-1.1154820892970767
1	1.2057773748879146
1	-0.10656306956738182
1	-0.7136867854781583
1	-1.1178067592727283
1	-0.4099579370371801
1	-1.261134454424798
1	-0.8774023103646316
1	-1.3749097329278988
1	0.5306362836414736
1	0.6361563288357843
1	-0.4248637359711891
1	-0.14808453984185826
1	0.1509705553386743
1	-0.8200826286275983
1	-0.5623134504001915
1	2.946911073906266
1	-0.3252623177334402
1	-0.6324173124047093
1	-0.4551144862243901
1	-0.3204982014490491
1	0.23948878648695118
1	0.7874206696594337
1	-2.2346848716701073
1	1.270180139562208
1	0.16389035812708957
1	-0.07077019585183995
1	0.006330914381524107
1	1.2083960496443567
1	-1.0611285794339613
1	1.8768262121471633
1	-0.5414526629265916
1	-0.01004064804487366
1	1.1893477454740131
1	-1.0650034674690685
1	-0.5947825531017561
1	0.379222556774401
1	-0.672397777788771
1	-0.0903576893672269
1	0.08296757476980204
1	-0.8292117198158352
1	0.13705348843959242
1	-0.6890722542412143
1	-0.0009522475643022988
1	0.3952348215136251
1	-0.9966167277671716
1	-0.5903831191975842
1	0.8202530138124692
1	0.055064304674453134
1	0.36134731939879794
1	0.1608078767251508
1	1.4807216052549441
1	-0.8903775158870574
1	0.849525007176117
1	-0.22631691894923525
1	-0.6751229663612297
1	-1.718712909659446
1	-2.98587134776349
1	-0.8335863550375692
1	1.9612789605993888
1	0.47178693679125067
1	-0.04658734230219778
1	-0.3827362060931932
1	-0.9457854386597564
1	-1.9219595181326388
1	2.2551231490670403
1	1.1326144964701828
1	0.1217724366492794
1	-0.8779880652618517
1	-1.1696355297041883
1	0.6554584954894356
1	-0.781592905290409
1	-0.21319574208412687
1	1.040174366008112
1	-0.4616674500722398
1	0.4080276104916254
1	-0.30360665843861007
1	-1.5420305405175307
1	-0.34488390507770483
1	-1.2845159680771638
1	-0.48144522535882234
1	-2.717499823862028
1	-0.6960948964212565
1	-0.8147189667651528
1	-1.8077963939934845
1	-2.894149734878421
1	-1.8952728119374322
1	0.9161826913293482
1	0.5657443812136742
1	1.3237345415722546
1	-0.43516571248307595
1	-0.8413034128756596
1	-1.523170398406628
1	-0.31987752817880616
1	0.006898750840866131
1	-0.4184481417198425
1	-0.1471775885591414
1	1.6109081409674395
1	-0.18240373484996478
1	-0.906417307198892
1	0.9922984544748642
1	0.33825353507608763
1	0.9005326553631586
1	0.4705145748366346
1	0.9768662875472496
1	0.7260534311047723
1	-0.24211337025963936
1	-0.37500744570465133
1	-1.289721618676447
1	1.6150368718160757
1	1.4161027979747294
1	0.7823020704747307
1	-0.7986812953745406
1	0.16364523236495127
1	2.6376025603022275
1	-0.0363528218551396
1	1.4507340551321677
1	-0.5827936232162516
1	-1.986342186869207
1	-1.4617680675856672
1	0.787841108156185
1	-0.08952056116117824
1	-0.8286557835616032
1	-0.5208949094276513
1	-0.1200695308085973
1	1.1906324498883312
1	-1.1739219265923797
1	-0.9543490145072484
1	-0.5237539768992074
1	0.5402064800295707
1	-0.41835693455380524
1	-0.5540789183846976
1	0.3809443813390828
1	-2.2831458873289696
1	-0.7689995486392244
1	1.6427626050358914
1	-0.3534700490255126
1	0.803673498547949
1	-0.1379530493306303
1	-0.7344221197198949
1	1.2430491791660552
1	0.02815071489459534
1	-0.03937939357382847
1	0.5510266033985987
1	1.1672117784213663
1	1.5934008546063632
1	-0.11111947238745588
1	0.1619250892235785
